

#mb 22:05:27:11:36:50 (start time)
#id 347252 (device id)
#ta 7221 (tia amplification, tia input channel, signal range, dsp mode)
#1t 2f [3vi_ma 4vi_mi 5mag 6pha 7vv_ma 8vv_mi 9cor][10vi_ma 11vi_mi 12mag 13pha 14vv_ma 15vv_mi 16cor][17t_pcb 18t_ther][19,20,21mag][22,23,24acc][25,26,27ext(t,light,hum)][28dv1 29dv2 30rf 31tr 32sp 33pr 34sm 35st 36lght 37empt 38empt 39empt 40empt 41empt 42empt 43empt 44empt 45empt]
22:05:27:11:36:50 4496 1272 -818 1224613750 897697 9845 -9705 -250 1198 -740 1232155500 897479 9876 -9723 -259 292955 0 169 -120 490 0 0 0 224002 -70413 -70147 512440 513105 19985 -13 0 101519 0 0 0 0 0 0 0 0 0 0 0 0
22:05:27:11:36:52 4595 1289 -772 1208542375 897730 9850 -9715 -250 1199 -730 1242657750 897575 9878 -9729 -250 292925 0 178 -121 499 0 0 0 224108 -85854 -85576 512553 513734 20007 9 0 101520 0 0 0 0 0 0 0 0 0 0 0 0
22:05:27:11:36:53 4699 1309 -746 1190118625 897920 9849 -9719 -232 1198 -723 1231583000 898008 9882 -9718 -205 292896 0 176 -122 487 0 0 0 224214 -86050 -85856 512643 514219 20042 15 0 101517 0 0 0 0 0 0 0 0 0 0 0 0
22:05:27:11:36:55 4807 1199 -744 1241126750 898152 9856 -9710 -194 1140 -692 1263791000 898294 9875 -9710 -170 292864 0 178 -117 494 0 0 0 224492 -86090 -85889 512779 514657 20028 11 0 101518 0 0 0 0 0 0 0 0 0 0 0 0
22:05:27:11:36:56 4901 1197 -716 1230035750 897659 9859 -9723 -243 1190 -695 1242949500 898103 9865 -9696 -198 292833 0 173 -122 492 0 0 0 224841 -86169 -85915 512914 514819 20026 13 0 101518 0 0 0 0 0 0 0 0 0 0 0 0
22:05:27:11:36:58 5000 1209 -699 1218606625 898088 9873 -9723 -199 1163 -716 1250903000 897930 9867 -9686 -208 292797 0 174 -122 489 0 0 0 225148 -86125 -85909 512297 511146 20012 10 0 101519 0 0 0 0 0 0 0 0 0 0 0 0
22:05:27:11:36:59 5102 1258 -683 1189439625 897761 9879 -9722 -246 1188 -717 1251495875 897920 9865 -9678 -214 292763 0 180 -118 500 0 0 0 225488 -86172 -85967 510858 510263 20085 13 0 101519 0 0 0 0 0 0 0 0 0 0 0 0
22:05:27:11:37:01 5208 1258 -695 1189277750 897724 9883 -9729 -249 1187 -714 1254867125 897748 9853 -9690 -230 292730 0 173 -121 502 0 0 0 225598 -86212 -85971 510396 510250 20035 13 0 101520 0 0 0 0 0 0 0 0 0 0 0 0
22:05:27:11:37:02 5296 1206 -718 1217079000 898234 9880 -9731 -190 1198 -731 1230313500 897807 9855 -9708 -226 292694 0 174 -121 497 0 0 0 225750 -86215 -85952 510383 510230 20057 11 0 101520 0 0 0 0 0 0 0 0 0 0 0 0
22:05:27:11:37:03 5411 1165 -718 1230281250 897693 9860 -9724 -231 1200 -755 1230240750 897456 9841 -9716 -262 292655 0 179 -128 497 0 0 0 225824 -86268 -85987 510444 510402 20042 9 0 101518 0 0 0 0 0 0 0 0 0 0 0 0
22:05:27:11:37:05 5506 1195 -724 1217833500 897444 9858 -9729 -264 1247 -733 1207646625 897283 9848 -9713 -292 292622 0 176 -118 502 0 0 0 225911 -86233 -85996 510502 510449 20029 11 0 101518 0 0 0 0 0 0 0 0 0 0 0 0
22:05:27:11:37:06 5605 1181 -727 1237757875 897631 9847 -9732 -241 1258 -724 1198603750 897744 9830 -9740 -243 292587 0 178 -120 495 0 0 0 226100 -86231 -86008 510329 510313 20036 11 0 101518 0 0 0 0 0 0 0 0 0 0 0 0
22:05:27:11:37:07 5707 1169 -709 1249633875 897571 9840 -9737 -244 1253 -725 1198644875 897701 9838 -9735 -247 292549 0 175 -122 509 0 0 0 226450 -86253 -86023 510400 510425 20063 10 0 101518 0 0 0 0 0 0 0 0 0 0 0 0
22:05:27:11:37:09 5787 1163 -703 1238610250 897273 9849 -9731 -272 1299 -729 1175057250 898007 9849 -9746 -219 292518 0 179 -124 507 0 0 0 226728 -86263 -86019 510463 510579 20015 11 0 101519 0 0 0 0 0 0 0 0 0 0 0 0
22:05:27:11:37:10 5896 1160 -698 1230814375 896883 9841 -9732 -310 1301 -708 1181669625 898009 9833 -9752 -220 292480 0 179 -120 500 0 0 0 227031 -86275 -86050 510294 510285 20024 14 0 101517 0 0 0 0 0 0 0 0 0 0 0 0
22:05:27:11:37:12 6009 1143 -699 1241988125 896983 9825 -9744 -295 1221 -707 1208432250 898217 9832 -9746 -188 292446 0 173 -118 496 0 0 0 227251 -86294 -86051 510199 510235 20030 14 0 101517 0 0 0 0 0 0 0 0 0 0 0 0
22:05:27:11:37:13 6097 1142 -692 1240570375 896920 9824 -9750 -301 1185 -738 1219859875 898002 9824 -9749 -202 292412 0 180 -119 498 0 0 0 227404 -86290 -86065 510177 510204 20027 13 0 101518 0 0 0 0 0 0 0 0 0 0 0 0
22:05:27:11:37:14 6188 1149 -703 1241989500 896956 9833 -9745 -299 1091 -720 1293985875 898469 9799 -9737 -151 292374 0 182 -129 498 0 0 0 227594 -86313 -86082 510180 510197 20021 13 0 101518 0 0 0 0 0 0 0 0 0 0 0 0
22:05:27:11:37:15 6313 1144 -710 1247841750 896366 9817 -9738 -355 1162 -728 1236245625 897801 9820 -9740 -234 292335 0 175 -122 497 0 0 0 227619 -86324 -86095 510174 510210 20017 15 0 101518 0 0 0 0 0 0 0 0 0 0 0 0
22:05:27:11:37:17 6410 1165 -724 1226749500 896908 9825 -9746 -305 1221 -684 1206020750 897553 9817 -9758 -269 292300 0 176 -124 502 0 0 0 227567 -86295 -86072 510162 510189 20006 10 0 101516 0 0 0 0 0 0 0 0 0 0 0 0
22:05:27:11:37:18 6510 1194 -739 1209651000 896818 9821 -9744 -324 1249 -691 1195026875 897666 9822 -9768 -258 292263 0 178 -125 496 0 0 0 227661 -86366 -86104 510169 510182 20004 9 0 101516 0 0 0 0 0 0 0 0 0 0 0 0
22:05:27:11:37:19 6613 1187 -711 1207949500 896572 9812 -9754 -346 1274 -697 1181906250 897650 9822 -9759 -262 292223 0 180 -121 500 0 0 0 227824 -86359 -86138 510159 510204 20032 13 0 101517 0 0 0 0 0 0 0 0 0 0 0 0
22:05:27:11:37:21 6684 1201 -705 1229159875 896620 9802 -9752 -345 1255 -727 1175041250 897034 9827 -9767 -320 292181 0 175 -120 500 0 0 0 228034 -86389 -86132 510154 510219 20001 11 0 101517 0 0 0 0 0 0 0 0 0 0 0 0
22:05:27:11:37:22 6793 1190 -708 1212521875 896927 9793 -9754 -312 1241 -722 1184934500 896857 9822 -9768 -335 292142 0 180 -125 500 0 0 0 228178 -86359 -86136 510153 510219 20022 12 0 101517 0 0 0 0 0 0 0 0 0 0 0 0
22:05:27:11:37:23 6906 1146 -718 1236525875 896984 9788 -9757 -295 1221 -738 1186586125 896477 9807 -9768 -366 292099 0 179 -120 489 0 0 0 228194 -86378 -86140 510156 510196 19989 13 0 101518 0 0 0 0 0 0 0 0 0 0 0 0
22:05:27:11:37:24 6983 1166 -695 1227763125 897031 9789 -9752 -295 1192 -708 1219397000 896385 9797 -9759 -366 292053 0 177 -123 494 0 0 0 228346 -86347 -86157 510164 510203 19994 13 0 101518 0 0 0 0 0 0 0 0 0 0 0 0
22:05:27:11:37:26 7102 1179 -694 1228319500 896927 9790 -9760 -309 1172 -695 1228473250 896244 9793 -9757 -374 292009 0 175 -123 496 0 0 0 228390 -86390 -86173 510166 510227 20508 13 0 101516 0 0 0 0 0 0 0 0 0 0 0 0
22:05:27:11:37:27 7183 1211 -674 1211727125 897176 9805 -9750 -291 1203 -715 1214173125 896958 9793 -9751 -307 291964 0 180 -123 497 0 0 0 228430 -86375 -86151 510153 510204 19989 11 0 101516 0 0 0 0 0 0 0 0 0 0 0 0
22:05:27:11:37:28 7309 1145 -693 1241633125 897122 9791 -9747 -279 1147 -686 1228111250 896509 9788 -9743 -332 291916 0 175 -123 496 0 0 0 228577 -86450 -86184 510147 510198 19979 10 0 101516 0 0 0 0 0 0 0 0 0 0 0 0
22:05:27:11:37:29 7396 1180 -703 1222187875 897079 9792 -9757 -293 1138 -688 1220279375 896618 9794 -9735 -322 291870 0 181 -118 496 0 0 0 228727 -86377 -86145 510161 510200 19991 10 0 101517 0 0 0 0 0 0 0 0 0 0 0 0
22:05:27:11:37:31 7485 1205 -722 1199064250 897102 9801 -9761 -297 1214 -692 1183691625 896820 9798 -9731 -322 291824 0 174 -122 494 0 0 0 228877 -86411 -86187 510086 510157 19984 11 0 101517 0 0 0 0 0 0 0 0 0 0 0 0
22:05:27:11:37:32 7621 1230 -705 1181522875 896746 9803 -9750 -343 1197 -683 1188169000 896721 9787 -9742 -329 291773 0 180 -121 497 0 0 0 229039 -86418 -86196 510383 510320 19998 13 0 101518 0 0 0 0 0 0 0 0 0 0 0 0
22:05:27:11:37:33 7716 1172 -695 1199551000 896261 9799 -9737 -369 1144 -680 1231595125 896494 9774 -9742 -335 291725 0 176 -117 499 0 0 0 229176 -86429 -86186 510311 510232 20053 14 0 101516 0 0 0 0 0 0 0 0 0 0 0 0
22:05:27:11:37:34 7812 1160 -679 1219508125 896391 9797 -9724 -354 1123 -695 1250947750 896489 9775 -9735 -331 291678 0 176 -123 497 0 0 0 229295 -86401 -86187 510283 510180 20020 12 0 101516 0 0 0 0 0 0 0 0 0 0 0 0
22:05:27:11:37:35 7911 1134 -665 1231121000 895887 9796 -9719 -393 1081 -690 1260387000 896542 9778 -9725 -316 291630 0 173 -125 507 0 0 0 229552 -86404 -86177 510283 510200 20039 11 0 101517 0 0 0 0 0 0 0 0 0 0 0 0
22:05:27:11:37:37 8012 1076 -674 1250729500 895563 9795 -9727 -400 1081 -672 1251054375 896721 9785 -9739 -300 291581 0 171 -123 498 0 0 0 229735 -86416 -86194 510299 510280 20047 11 0 101518 0 0 0 0 0 0 0 0 0 0 0 0
22:05:27:11:37:38 8116 1010 -680 1315170625 895958 9779 -9719 -348 1093 -699 1251389250 896451 9773 -9744 -329 291535 0 175 -121 500 0 0 0 229913 -86448 -86190 510591 510363 20167 12 0 101513 0 0 0 0 0 0 0 0 0 0 0 0
22:05:27:11:37:39 8223 1019 -688 1310315000 895749 9792 -9707 -371 1100 -684 1249364000 896402 9765 -9740 -336 291487 0 171 -121 499 0 0 0 230055 -86462 -86213 511070 510623 20028 12 0 101514 0 0 0 0 0 0 0 0 0 0 0 0
22:05:27:11:37:40 8278 1066 -688 1263883000 895558 9783 -9704 -406 1144 -693 1224034000 896660 9768 -9749 -322 291444 0 173 -123 495 0 0 0 230217 -86482 -86219 511021 510568 20017 11 0 101514 0 0 0 0 0 0 0 0 0 0 0 0
22:05:27:11:37:41 8389 1121 -681 1226889875 896035 9795 -9714 -376 1167 -705 1202144375 896796 9784 -9751 -316 291397 0 174 -117 498 0 0 0 230397 -86470 -86237 510717 510502 20009 13 0 101515 0 0 0 0 0 0 0 0 0 0 0 0
22:05:27:11:37:43 8503 1147 -672 1224832000 895915 9789 -9716 -397 1204 -700 1178309500 896386 9791 -9743 -372 291349 0 173 -124 500 0 0 0 230549 -86453 -86223 510645 510378 20007 10 0 101515 0 0 0 0 0 0 0 0 0 0 0 0
22:05:27:11:37:44 8620 1112 -655 1237174625 896114 9789 -9713 -368 1183 -688 1187715250 896452 9782 -9740 -359 291305 0 172 -117 494 0 0 0 230750 -86459 -86274 510345 510267 20033 15 0 101513 0 0 0 0 0 0 0 0 0 0 0 0
22:05:27:11:37:45 8680 1115 -658 1249301125 895822 9795 -9725 -397 1149 -680 1204655750 896068 9785 -9750 -383 291263 0 173 -117 500 0 0 0 230961 -86494 -86247 510334 510231 20029 12 0 101514 0 0 0 0 0 0 0 0 0 0 0 0
22:05:27:11:37:46 8802 1130 -669 1224071625 895285 9793 -9729 -456 1121 -687 1228858250 895908 9776 -9737 -388 291215 0 177 -118 496 0 0 0 231069 -86488 -86256 510299 510217 20028 14 0 101515 0 0 0 0 0 0 0 0 0 0 0 0
22:05:27:11:37:47 8928 1118 -699 1215880000 895771 9798 -9730 -406 1144 -679 1217880000 895584 9770 -9724 -430 291170 0 181 -122 499 0 0 0 231205 -86470 -86249 510597 510385 20047 12 0 101516 0 0 0 0 0 0 0 0 0 0 0 0
22:05:27:11:37:48 8992 1088 -716 1231080875 895139 9782 -9715 -448 1113 -668 1242132750 895398 9765 -9714 -434 291125 0 176 -125 502 0 0 0 231334 -86460 -86262 511096 510656 20048 16 0 101514 0 0 0 0 0 0 0 0 0 0 0 0
22:05:27:11:37:49 9124 1087 -729 1245524500 894834 9785 -9708 -477 1080 -667 1250605000 895359 9758 -9704 -425 291080 0 179 -116 499 0 0 0 231511 -86507 -86273 510861 510420 20004 11 0 101514 0 0 0 0 0 0 0 0 0 0 0 0
22:05:27:11:37:51 9191 1039 -703 1285435250 894966 9767 -9703 -445 1106 -679 1246973000 895280 9762 -9706 -444 291040 0 182 -123 492 0 0 0 231726 -86469 -86290 510857 510626 20033 11 0 101515 0 0 0 0 0 0 0 0 0 0 0 0
22:05:27:11:37:52 9328 1078 -696 1255191625 895073 9780 -9711 -452 1128 -684 1234460125 895227 9771 -9709 -458 291000 0 179 -120 501 0 0 0 231942 -86506 -86283 513303 511938 20039 12 0 101515 0 0 0 0 0 0 0 0 0 0 0 0
22:05:27:11:37:53 9398 1095 -701 1246600375 895140 9783 -9709 -453 1164 -670 1215747375 895118 9783 -9708 -485 290961 0 181 -120 498 0 0 0 232118 -86520 -86277 514567 512685 20038 12 0 101515 0 0 0 0 0 0 0 0 0 0 0 0
22:05:27:11:37:54 9469 1148 -728 1229038750 895776 9799 -9726 -407 1170 -679 1219176750 895690 9803 -9725 -431 290911 0 174 -122 504 0 0 0 232305 -86253 -85999 515814 513469 20029 14 0 101514 0 0 0 0 0 0 0 0 0 0 0 0
22:05:27:11:37:56 9615 1157 -738 1224130875 896017 9807 -9754 -388 1228 -705 1206228000 896053 9809 -9725 -410 290862 0 178 -120 499 0 0 0 232609 -86237 -86019 518108 514405 20007 12 0 101515 0 0 0 0 0 0 0 0 0 0 0 0
22:05:27:11:37:57 9689 1166 -734 1216190875 896325 9809 -9761 -361 1259 -713 1178393500 896443 9822 -9719 -377 290812 0 176 -122 493 0 0 0 232884 -86267 -86017 523155 515105 20017 12 0 101515 0 0 0 0 0 0 0 0 0 0 0 0
22:05:27:11:37:58 9765 1249 -759 1183906625 896911 9818 -9777 -317 1258 -737 1179706625 896531 9827 -9728 -370 290764 0 178 -121 492 0 0 0 233096 -86265 -86020 524531 515855 20020 11 0 101513 0 0 0 0 0 0 0 0 0 0 0 0
22:05:27:11:38:00 9920 1234 -749 1176744500 896686 9816 -9756 -339 1215 -731 1207304375 896619 9826 -9744 -350 290718 0 177 -121 494 0 0 0 233162 -86271 -86015 524088 516201 20026 10 0 101514 0 0 0 0 0 0 0 0 0 0 0 0
22:05:27:11:38:01 10000 1266 -747 1150709375 896634 9824 -9746 -358 1258 -762 1186166750 896576 9830 -9743 -368 290673 0 177 -120 495 0 0 0 233314 -86259 -86043 524471 516382 20049 8 0 101515 0 0 0 0 0 0 0 0 0 0 0 0
22:05:27:11:38:03 10080 1244 -746 1171941750 896653 9818 -9734 -351 1289 -760 1179287375 896649 9831 -9745 -369 290631 0 175 -121 498 0 0 0 233300 -86283 -86036 524840 516808 20033 13 0 101516 0 0 0 0 0 0 0 0 0 0 0 0
22:05:27:11:38:04 10204 1248 -744 1174089750 896403 9816 -9729 -380 1272 -741 1181997250 896651 9833 -9732 -364 290589 0 182 -120 499 0 0 0 233416 -86277 -86072 523423 517232 20011 13 0 101514 0 0 0 0 0 0 0 0 0 0 0 0
22:05:27:11:38:06 10288 1245 -749 1168954500 896244 9813 -9741 -397 1257 -753 1189801000 896780 9826 -9733 -346 290549 0 174 -123 496 0 0 0 233510 -86304 -86058 525304 517478 20016 11 0 101514 0 0 0 0 0 0 0 0 0 0 0 0
22:05:27:11:38:07 10416 1219 -727 1188517625 896351 9807 -9720 -379 1267 -752 1187971750 896762 9824 -9723 -351 290512 0 180 -123 498 0 0 0 233734 -86297 -86074 524624 517867 20024 14 0 101515 0 0 0 0 0 0 0 0 0 0 0 0
22:05:27:11:38:08 10504 1247 -721 1169821250 896438 9816 -9712 -378 1264 -749 1183871125 896422 9818 -9709 -387 290476 0 170 -120 495 0 0 0 233773 -86314 -86050 523761 518222 20034 12 0 101516 0 0 0 0 0 0 0 0 0 0 0 0
22:05:27:11:38:10 10593 1258 -733 1175330500 896647 9809 -9715 -359 1247 -737 1180382000 896469 9815 -9717 -377 290440 0 175 -125 496 0 0 0 234037 -86283 -86072 523557 518526 20033 13 0 101517 0 0 0 0 0 0 0 0 0 0 0 0
22:05:27:11:38:11 10683 1265 -724 1163263375 896547 9804 -9725 -372 1213 -721 1205226000 896103 9803 -9709 -401 290406 0 176 -123 496 0 0 0 234321 -86287 -86069 524083 518807 20044 15 0 101514 0 0 0 0 0 0 0 0 0 0 0 0
22:05:27:11:38:13 10822 1229 -754 1192510375 896253 9801 -9713 -390 1260 -710 1197855375 896153 9808 -9711 -412 290372 0 170 -129 497 0 0 0 234456 -86301 -86075 524083 518959 20048 11 0 101515 0 0 0 0 0 0 0 0 0 0 0 0
22:05:27:11:38:14 10917 1218 -752 1188632625 896169 9806 -9710 -396 1263 -715 1186043625 896371 9808 -9736 -390 290341 0 175 -121 486 0 0 0 234502 -86288 -86093 523648 519189 20045 13 0 101516 0 0 0 0 0 0 0 0 0 0 0 0
22:05:27:11:38:15 11013 1255 -765 1168580625 896360 9812 -9714 -387 1246 -705 1182796375 896282 9813 -9731 -394 290311 0 171 -122 490 0 0 0 234672 -86316 -86100 523300 519391 20041 12 0 101517 0 0 0 0 0 0 0 0 0 0 0 0
22:05:27:11:38:17 11111 1227 -748 1184093000 896391 9812 -9704 -376 1232 -711 1204385750 896338 9806 -9701 -384 290279 0 173 -121 492 0 0 0 234860 -86322 -86102 523372 519674 19992 13 0 101517 0 0 0 0 0 0 0 0 0 0 0 0
22:05:27:11:38:18 11210 1219 -751 1195437125 896655 9814 -9704 -348 1225 -732 1202516250 896474 9815 -9693 -369 290251 0 170 -121 493 0 0 0 235072 -86315 -86116 522211 520010 20016 13 0 101513 0 0 0 0 0 0 0 0 0 0 0 0
22:05:27:11:38:20 11312 1286 -752 1164180500 896669 9822 -9698 -366 1248 -763 1178034625 896475 9816 -9688 -376 290225 0 166 -120 490 0 0 0 235160 -86305 -86090 521688 520278 20060 11 0 101514 0 0 0 0 0 0 0 0 0 0 0 0
22:05:27:11:38:21 11415 1206 -735 1198600125 896276 9812 -9695 -377 1236 -745 1190487625 896524 9804 -9692 -367 290200 0 170 -124 494 0 0 0 235119 -86309 -86124 521237 520532 20072 13 0 101514 0 0 0 0 0 0 0 0 0 0 0 0
22:05:27:11:38:22 11520 1166 -705 1233236125 896417 9801 -9702 -353 1236 -749 1176300500 896584 9814 -9700 -361 290174 0 174 -122 500 0 0 0 235313 -86364 -86138 520809 520775 20067 13 0 101515 0 0 0 0 0 0 0 0 0 0 0 0
22:05:27:11:38:24 11574 1156 -702 1245718875 896265 9806 -9692 -366 1181 -739 1228133125 896196 9797 -9700 -379 290155 0 177 -120 492 0 0 0 235345 -86375 -86137 520447 520921 20183 10 0 101515 0 0 0 0 0 0 0 0 0 0 0 0
22:05:27:11:38:25 11682 1182 -711 1243852250 896256 9791 -9698 -376 1180 -733 1213543000 896263 9795 -9693 -373 290125 0 174 -120 497 0 0 0 235478 -86344 -86145 520093 521018 20162 12 0 101513 0 0 0 0 0 0 0 0 0 0 0 0
22:05:27:11:38:26 11792 1171 -717 1230928125 896242 9800 -9695 -374 1222 -732 1180624375 896355 9814 -9702 -378 290110 0 172 -123 499 0 0 0 235325 -86336 -86156 519876 521136 20101 13 0 101513 0 0 0 0 0 0 0 0 0 0 0 0
22:05:27:11:38:28 11904 1126 -719 1257245375 896345 9797 -9687 -351 1203 -743 1175150875 895972 9808 -9707 -410 290083 0 173 -121 496 0 0 0 235439 -86371 -86150 519841 521325 20049 13 0 101514 0 0 0 0 0 0 0 0 0 0 0 0
22:05:27:11:38:29 12019 1137 -733 1238548375 896284 9809 -9687 -361 1263 -772 1153418625 896340 9822 -9696 -388 290063 0 177 -122 496 0 0 0 235573 -86386 -86165 519603 521339 20021 14 0 101514 0 0 0 0 0 0 0 0 0 0 0 0
22:05:27:11:38:30 12077 1113 -743 1234956375 896086 9795 -9700 -371 1248 -744 1167187500 896167 9817 -9703 -403 290045 0 174 -118 502 0 0 0 235854 -86397 -86154 519419 521331 20041 11 0 101515 0 0 0 0 0 0 0 0 0 0 0 0
22:05:27:11:38:32 12195 1153 -736 1209589750 895824 9794 -9696 -412 1281 -760 1145651875 896006 9828 -9708 -435 290027 0 170 -123 499 0 0 0 236195 -86413 -86163 519223 521319 20070 14 0 101516 0 0 0 0 0 0 0 0 0 0 0 0
22:05:27:11:38:33 12315 1180 -737 1191946375 895804 9811 -9686 -424 1277 -738 1143952875 896081 9827 -9698 -427 290007 0 175 -127 494 0 0 0 236540 -86402 -86200 519051 521261 20095 16 0 101516 0 0 0 0 0 0 0 0 0 0 0 0
22:05:27:11:38:34 12376 1203 -751 1184763375 896038 9825 -9701 -408 1222 -728 1167045125 895649 9816 -9693 -448 289989 0 176 -123 502 0 0 0 236827 -86394 -86183 518853 521255 20070 14 0 101513 0 0 0 0 0 0 0 0 0 0 0 0
22:05:27:11:38:36 12500 1243 -765 1174456000 896497 9829 -9702 -369 1238 -765 1167980625 895888 9814 -9702 -430 289976 0 172 -122 503 0 0 0 237150 -86446 -86194 518658 521367 20077 12 0 101514 0 0 0 0 0 0 0 0 0 0 0 0
22:05:27:11:38:37 12626 1245 -767 1170337750 896117 9828 -9701 -411 1258 -734 1165262375 895971 9822 -9707 -430 289959 0 177 -126 494 0 0 0 237504 -86398 -86211 518469 521390 20084 14 0 101514 0 0 0 0 0 0 0 0 0 0 0 0
22:05:27:11:38:38 12690 1224 -745 1177477500 896172 9822 -9702 -399 1322 -719 1135829875 896408 9823 -9716 -398 289947 0 176 -121 498 0 0 0 237769 -86397 -86172 518321 521388 20626 11 0 101514 0 0 0 0 0 0 0 0 0 0 0 0
22:05:27:11:38:39 12820 1292 -728 1143280500 895821 9826 -9703 -466 1280 -742 1148500625 896306 9819 -9712 -398 289928 0 175 -124 489 0 0 0 238046 -86421 -86206 518208 521617 20386 13 0 101515 0 0 0 0 0 0 0 0 0 0 0 0
22:05:27:11:38:41 12886 1239 -742 1157447250 895501 9825 -9697 -477 1274 -732 1152856500 896230 9825 -9699 -406 289914 0 177 -123 485 0 0 0 238342 -86400 -86200 518084 521951 20025 13 0 101515 0 0 0 0 0 0 0 0 0 0 0 0
22:05:27:11:38:42 13020 1267 -753 1141529875 895681 9824 -9702 -467 1235 -737 1175269000 896256 9815 -9699 -392 289905 0 175 -123 495 0 0 0 238641 -86439 -86214 517938 522224 20021 14 0 101515 0 0 0 0 0 0 0 0 0 0 0 0
22:05:27:11:38:43 13089 1326 -744 1124286250 895707 9824 -9696 -486 1197 -729 1180846125 895939 9816 -9678 -411 289892 0 176 -122 487 0 0 0 238797 -86430 -86210 517801 522599 20007 13 0 101513 0 0 0 0 0 0 0 0 0 0 0 0
22:05:27:11:38:45 13227 1221 -749 1187629000 895484 9814 -9674 -466 1224 -735 1158670250 895719 9810 -9668 -446 289877 0 173 -122 493 0 0 0 239042 -86423 -86214 517629 520041 19994 11 0 101513 0 0 0 0 0 0 0 0 0 0 0 0
22:05:27:11:38:46 13297 1242 -744 1172952750 895293 9807 -9683 -497 1201 -736 1181747875 895841 9804 -9666 -426 289867 0 177 -123 495 0 0 0 239168 -86398 -86212 517423 517123 20039 12 0 101513 0 0 0 0 0 0 0 0 0 0 0 0
22:05:27:11:38:47 13368 1246 -743 1157569250 895398 9811 -9694 -488 1218 -725 1175552500 895591 9804 -9673 -459 289856 0 176 -119 491 0 0 0 239170 -86446 -86218 517100 515617 20002 9 0 101513 0 0 0 0 0 0 0 0 0 0 0 0
22:05:27:11:38:48 13513 1268 -757 1137925125 895602 9815 -9697 -475 1247 -708 1159844250 895522 9820 -9696 -478 289845 0 170 -122 497 0 0 0 239273 -86440 -86223 516429 513956 20399 15 0 101513 0 0 0 0 0 0 0 0 0 0 0 0
22:05:27:11:38:50 13586 1184 -721 1190080375 895198 9807 -9679 -478 1203 -701 1171905000 895501 9802 -9690 -463 289832 0 178 -121 489 0 0 0 239436 -86449 -86222 514983 512336 20013 14 0 101513 0 0 0 0 0 0 0 0 0 0 0 0
22:05:27:11:38:51 13736 1225 -719 1163456625 895253 9812 -9679 -491 1173 -718 1175772375 895251 9799 -9687 -475 289818 0 178 -120 499 0 0 0 239704 -86441 -86206 514016 511456 20021 9 0 101514 0 0 0 0 0 0 0 0 0 0 0 0
22:05:27:11:38:52 13812 1173 -752 1182635875 894830 9817 -9698 -510 1198 -726 1169721750 895374 9806 -9676 -472 289810 0 174 -118 496 0 0 0 239913 -86428 -86231 513562 511151 20006 13 0 101514 0 0 0 0 0 0 0 0 0 0 0 0
22:05:27:11:38:53 13888 1162 -744 1177517750 894973 9818 -9703 -494 1215 -736 1151109625 895218 9802 -9685 -496 289796 0 182 -119 486 0 0 0 240167 -86436 -86228 513776 511571 20063 14 0 101514 0 0 0 0 0 0 0 0 0 0 0 0
22:05:27:11:38:55 13966 1146 -732 1192796500 894744 9810 -9697 -510 1183 -727 1173373625 894932 9800 -9676 -510 289787 0 174 -128 494 0 0 0 240328 -86425 -86227 514078 512500 19978 11 0 101514 0 0 0 0 0 0 0 0 0 0 0 0
22:05:27:11:38:56 14124 1203 -740 1161637250 895183 9826 -9708 -488 1243 -724 1154672000 895255 9825 -9693 -500 289771 0 172 -124 497 0 0 0 240432 -86285 -86076 514378 513471 19987 16 0 101514 0 0 0 0 0 0 0 0 0 0 0 0
22:05:27:11:38:57 14204 1224 -744 1156734250 895359 9825 -9698 -480 1255 -726 1148873375 895430 9824 -9693 -487 289763 0 172 -126 494 0 0 0 240843 -86299 -86050 514546 514718 19984 11 0 101515 0 0 0 0 0 0 0 0 0 0 0 0
22:05:27:11:38:59 14285 1249 -769 1149566375 895495 9829 -9696 -477 1307 -714 1131202000 895510 9839 -9700 -499 289754 0 177 -121 490 0 0 0 241120 -86305 -86049 514600 515734 19988 13 0 101512 0 0 0 0 0 0 0 0 0 0 0 0
22:05:27:11:39:00 14367 1203 -754 1173039125 895363 9823 -9706 -473 1330 -729 1117314000 895667 9838 -9701 -491 289741 0 177 -123 488 0 0 0 241517 -86274 -86070 514746 516619 19990 14 0 101512 0 0 0 0 0 0 0 0 0 0 0 0
22:05:27:11:39:02 14534 1240 -758 1161761000 895534 9824 -9719 -470 1351 -761 1100455625 895731 9843 -9725 -492 289733 0 172 -126 487 0 0 0 241889 -86263 -86063 514812 517450 19985 11 0 101512 0 0 0 0 0 0 0 0 0 0 0 0
22:05:27:11:39:03 14619 1261 -756 1163842000 895610 9823 -9723 -470 1309 -768 1112276375 895578 9834 -9727 -493 289726 0 171 -124 493 0 0 0 242085 -86283 -86081 514748 518119 19980 13 0 101512 0 0 0 0 0 0 0 0 0 0 0 0
22:05:27:11:39:05 14705 1243 -748 1163516625 895427 9827 -9717 -484 1265 -745 1146504250 895532 9835 -9705 -482 289718 0 173 -122 494 0 0 0 242000 -86312 -86076 514688 518736 19993 11 0 101513 0 0 0 0 0 0 0 0 0 0 0 0
22:05:27:11:39:06 14792 1234 -762 1162519500 895397 9827 -9709 -484 1260 -755 1151365875 895191 9840 -9705 -518 289713 0 181 -127 493 0 0 0 241827 -86294 -86102 514645 519248 19999 13 0 101513 0 0 0 0 0 0 0 0 0 0 0 0
22:05:27:11:39:08 14880 1223 -770 1166468750 895379 9823 -9703 -482 1209 -743 1176893500 895247 9833 -9694 -491 289712 0 173 -120 493 0 0 0 241924 -86302 -86071 514574 519745 19995 12 0 101514 0 0 0 0 0 0 0 0 0 0 0 0
22:05:27:11:39:09 14970 1249 -775 1152911125 895339 9827 -9698 -498 1207 -757 1185225625 895055 9829 -9692 -511 289709 0 179 -115 492 0 0 0 242071 -86328 -86070 514510 520125 19983 10 0 101514 0 0 0 0 0 0 0 0 0 0 0 0
22:05:27:11:39:11 15060 1237 -772 1151842875 895154 9826 -9686 -512 1232 -770 1158774750 895309 9830 -9696 -493 289704 0 174 -119 497 0 0 0 241910 -86284 -86097 514511 520547 19982 13 0 101514 0 0 0 0 0 0 0 0 0 0 0 0
22:05:27:11:39:12 15243 1282 -763 1130269375 895371 9840 -9697 -506 1214 -774 1172291375 895349 9828 -9681 -482 289701 0 172 -124 497 0 0 0 241868 -86342 -86098 514543 519503 19986 11 0 101514 0 0 0 0 0 0 0 0 0 0 0 0
22:05:27:11:39:13 15337 1294 -758 1123925375 895183 9835 -9693 -533 1208 -769 1176231375 895299 9817 -9675 -485 289701 0 174 -120 498 0 0 0 241902 -86343 -86096 514489 513218 19985 13 0 101514 0 0 0 0 0 0 0 0 0 0 0 0
22:05:27:11:39:15 15432 1277 -741 1141530375 895086 9838 -9705 -537 1168 -775 1194768000 895106 9819 -9683 -487 289696 0 176 -125 486 0 0 0 242241 -86313 -86097 513173 510795 19977 12 0 101515 0 0 0 0 0 0 0 0 0 0 0 0
22:05:27:11:39:16 15527 1243 -744 1152857625 895231 9829 -9685 -508 1195 -771 1175844750 895233 9811 -9706 -485 289695 0 175 -123 495 0 0 0 242517 -86302 -86105 511982 510357 19998 11 0 101515 0 0 0 0 0 0 0 0 0 0 0 0
22:05:27:11:39:18 15625 1286 -739 1153160375 895298 9828 -9695 -517 1178 -757 1189423875 895239 9811 -9683 -478 289692 0 179 -124 493 0 0 0 242666 -86320 -86114 511701 510373 20003 11 0 101515 0 0 0 0 0 0 0 0 0 0 0 0
22:05:27:11:39:19 15723 1259 -744 1169703125 895234 9828 -9689 -513 1249 -750 1152730625 895461 9815 -9699 -480 289691 0 174 -120 490 0 0 0 242825 -86283 -86091 511503 510430 20065 11 0 101515 0 0 0 0 0 0 0 0 0 0 0 0
22:05:27:11:39:20 15822 1240 -762 1172562750 895342 9831 -9679 -495 1295 -754 1131594500 895351 9814 -9710 -513 289684 0 174 -122 491 0 0 0 243032 -86372 -86134 511426 510615 20016 16 0 101515 0 0 0 0 0 0 0 0 0 0 0 0
22:05:27:11:39:22 15923 1263 -753 1153615875 895391 9830 -9677 -499 1307 -772 1115516625 895399 9826 -9707 -513 289686 0 174 -116 493 0 0 0 243315 -86352 -86130 511577 510920 19996 13 0 101512 0 0 0 0 0 0 0 0 0 0 0 0
22:05:27:11:39:23 16025 1258 -778 1164629625 895246 9822 -9665 -512 1263 -770 1131610125 895245 9826 -9700 -512 289686 0 174 -124 483 0 0 0 243580 -86344 -86139 511617 510788 20020 11 0 101513 0 0 0 0 0 0 0 0 0 0 0 0
22:05:27:11:39:25 16129 1258 -779 1167645625 895323 9827 -9667 -504 1268 -778 1129737750 894886 9829 -9692 -554 289688 0 173 -118 482 0 0 0 243972 -86347 -86143 512141 512113 20013 15 0 101513 0 0 0 0 0 0 0 0 0 0 0 0
22:05:27:11:39:26 16233 1239 -784 1158133500 895231 9835 -9691 -506 1257 -776 1148495125 894850 9823 -9680 -553 289686 0 180 -123 492 0 0 0 244421 -86378 -86130 512591 514034 19999 13 0 101513 0 0 0 0 0 0 0 0 0 0 0 0
22:05:27:11:39:27 16339 1254 -781 1158380500 895124 9828 -9671 -523 1248 -779 1156709000 894970 9823 -9677 -537 289683 0 177 -126 485 0 0 0 244835 -86349 -86119 512796 515313 20017 12 0 101513 0 0 0 0 0 0 0 0 0 0 0 0
22:05:27:11:39:29 16447 1305 -795 1127324625 895335 9836 -9682 -520 1238 -788 1157652375 895013 9825 -9680 -528 289684 0 180 -128 497 0 0 0 245153 -86362 -86141 512996 516215 20002 13 0 101513 0 0 0 0 0 0 0 0 0 0 0 0
22:05:27:11:39:30 16556 1303 -782 1122025000 895257 9834 -9680 -528 1318 -789 1127025125 895216 9832 -9686 -537 289688 0 172 -123 494 0 0 0 245513 -86380 -86133 513168 516908 20015 14 0 101514 0 0 0 0 0 0 0 0 0 0 0 0
22:05:27:11:39:32 16666 1262 -771 1145572750 895077 9830 -9682 -530 1339 -772 1114496875 895274 9831 -9686 -540 289694 0 174 -124 491 0 0 0 245911 -86344 -86151 513279 514673 20001 11 0 101514 0 0 0 0 0 0 0 0 0 0 0 0
22:05:27:11:39:33 16778 1213 -752 1171344750 894700 9818 -9691 -545 1315 -770 1124488250 895049 9828 -9686 -555 289697 0 181 -125 493 0 0 0 246304 -86329 -86142 512038 510703 20004 14 0 101514 0 0 0 0 0 0 0 0 0 0 0 0
22:05:27:11:39:34 16891 1165 -766 1186597000 894603 9820 -9676 -534 1367 -779 1103074625 895161 9833 -9695 -564 289698 0 174 -120 494 0 0 0 246687 -86384 -86155 510839 510268 20003 10 0 101514 0 0 0 0 0 0 0 0 0 0 0 0
22:05:27:11:39:36 17006 1188 -756 1173365625 894824 9815 -9666 -522 1395 -755 1105134750 895389 9834 -9698 -548 289705 0 173 -117 489 0 0 0 247051 -86394 -86154 510398 510244 20005 9 0 101514 0 0 0 0 0 0 0 0 0 0 0 0
22:05:27:11:39:37 17123 1161 -752 1203275750 894454 9802 -9662 -545 1348 -752 1117295500 894953 9830 -9690 -577 289710 0 179 -121 489 0 0 0 247266 -86365 -86138 510324 510313 19981 11 0 101514 0 0 0 0 0 0 0 0 0 0 0 0
22:05:27:11:39:38 17241 1193 -762 1166862875 894554 9817 -9683 -552 1312 -753 1141908500 895031 9824 -9674 -554 289717 0 170 -121 492 0 0 0 247206 -86329 -86161 510348 510350 19997 15 0 101514 0 0 0 0 0 0 0 0 0 0 0 0
22:05:27:11:39:40 17361 1223 -753 1176856625 894920 9815 -9669 -527 1268 -762 1149141375 894659 9824 -9673 -574 289725 0 176 -124 496 0 0 0 247007 -86364 -86149 510298 510348 20021 13 0 101513 0 0 0 0 0 0 0 0 0 0 0 0
22:05:27:11:39:41 17482 1197 -750 1162503250 894699 9818 -9670 -538 1240 -748 1148463750 894651 9814 -9677 -563 289733 0 172 -119 497 0 0 0 246850 -86360 -86147 510467 510864 20021 10 0 101513 0 0 0 0 0 0 0 0 0 0 0 0
22:05:27:11:39:42 17605 1174 -752 1178550000 894487 9811 -9674 -549 1240 -766 1140923375 894476 9826 -9689 -584 289742 0 171 -121 492 0 0 0 246522 -86424 -86174 510705 511776 19993 14 0 101513 0 0 0 0 0 0 0 0 0 0 0 0
22:05:27:11:39:44 17730 1246 -758 1161301125 894904 9814 -9677 -534 1307 -762 1107973000 894755 9827 -9702 -581 289751 0 173 -121 491 0 0 0 246266 -86414 -86161 510892 513372 20003 10 0 101513 0 0 0 0 0 0 0 0 0 0 0 0
22:05:27:11:39:45 17857 1266 -763 1154697000 895073 9813 -9689 -527 1307 -768 1112495500 894640 9821 -9683 -596 289761 0 175 -117 486 0 0 0 246145 -86388 -86174 510953 514687 20013 10 0 101513 0 0 0 0 0 0 0 0 0 0 0 0
22:05:27:11:39:47 17985 1346 -772 1121330125 895430 9827 -9712 -516 1287 -804 1124025000 894666 9823 -9683 -585 289771 0 172 -123 490 0 0 0 246337 -86433 -86171 510972 513305 20050 12 0 101513 0 0 0 0 0 0 0 0 0 0 0 0
22:05:27:11:39:48 18115 1335 -785 1106207375 895284 9831 -9717 -532 1261 -789 1134577750 894570 9824 -9683 -584 289781 0 173 -124 497 0 0 0 246393 -86364 -86167 510408 510671 20012 13 0 101513 0 0 0 0 0 0 0 0 0 0 0 0
22:05:27:11:39:49 18248 1295 -775 1127693875 895055 9825 -9703 -541 1268 -765 1117551625 894536 9834 -9673 -592 289790 0 170 -119 491 0 0 0 246218 -86364 -86156 510400 510703 20000 10 0 101513 0 0 0 0 0 0 0 0 0 0 0 0
22:05:27:11:39:51 18382 1346 -773 1104807750 894830 9826 -9708 -594 1297 -794 1119096500 894469 9824 -9674 -614 289804 0 177 -129 490 0 0 0 246030 -86382 -86165 510600 511292 20014 11 0 101516 0 0 0 0 0 0 0 0 0 0 0 0
22:05:27:11:39:52 18518 1371 -785 1083929000 894555 9825 -9708 -639 1319 -783 1096345375 894430 9828 -9691 -629 289814 0 172 -124 486 0 0 0 246087 -86398 -86178 510591 511022 20056 14 0 101516 0 0 0 0 0 0 0 0 0 0 0 0
22:05:27:11:39:53 18656 1330 -777 1110071875 894230 9830 -9682 -655 1285 -775 1107100125 894219 9818 -9685 -634 289823 0 171 -121 485 0 0 0 245837 -86367 -86160 510802 511781 20001 13 0 101515 0 0 0 0 0 0 0 0 0 0 0 0
22:05:27:11:39:54 18796 1313 -812 1104225000 894364 9832 -9692 -633 1295 -785 1104583375 894094 9824 -9689 -654 289834 0 173 -123 492 0 0 0 245989 -86360 -86151 510952 513310 19997 14 0 101515 0 0 0 0 0 0 0 0 0 0 0 0
22:05:27:11:39:56 18939 1331 -800 1099392250 894305 9839 -9676 -649 1313 -774 1110061125 893991 9829 -9683 -676 289846 0 174 -121 489 0 0 0 246145 -86235 -86049 511091 514606 20008 12 0 101515 0 0 0 0 0 0 0 0 0 0 0 0
22:05:27:11:39:57 19083 1319 -793 1099848500 894228 9839 -9665 -652 1306 -787 1108521750 893914 9826 -9676 -681 289858 0 176 -125 489 0 0 0 246228 -86244 -86046 511232 515635 20016 13 0 101515 0 0 0 0 0 0 0 0 0 0 0 0
22:05:27:11:39:59 19230 1281 -785 1128676000 893911 9829 -9665 -665 1338 -789 1096759375 894025 9846 -9674 -686 289872 0 177 -126 488 0 0 0 246039 -86241 -86025 511327 516531 19989 10 0 101515 0 0 0 0 0 0 0 0 0 0 0 0
22:05:27:11:40:00 19379 1289 -792 1123204500 893740 9833 -9667 -690 1352 -784 1109497875 894268 9840 -9675 -663 289881 0 174 -131 485 0 0 0 245973 -86231 -86038 511322 517191 20003 12 0 101515 0 0 0 0 0 0 0 0 0 0 0 0
22:05:27:11:40:02 19531 1347 -799 1091841125 893958 9844 -9673 -695 1335 -796 1118969500 894188 9825 -9690 -664 289894 0 176 -130 489 0 0 0 246256 -86269 -86054 511287 517800 19993 12 0 101515 0 0 0 0 0 0 0 0 0 0 0 0
22:05:27:11:40:03 19685 1323 -800 1103083250 893783 9843 -9676 -702 1338 -798 1110249125 894194 9839 -9690 -666 289903 0 177 -122 489 0 0 0 246175 -86282 -86053 511260 518368 19995 12 0 101516 0 0 0 0 0 0 0 0 0 0 0 0
22:05:27:11:40:05 19841 1330 -807 1108862125 893879 9833 -9689 -696 1339 -814 1098186125 893977 9826 -9698 -691 289916 0 170 -123 492 0 0 0 246204 -86272 -86040 511229 519013 20018 12 0 101516 0 0 0 0 0 0 0 0 0 0 0 0
22:05:27:11:40:06 20000 1285 -793 1115475125 893704 9826 -9687 -690 1319 -802 1108336375 893876 9834 -9689 -692 289928 0 172 -121 493 0 0 0 246035 -86289 -86047 511246 519512 20023 10 0 101516 0 0 0 0 0 0 0 0 0 0 0 0
22:05:27:11:40:08 20161 1297 -809 1103779250 893737 9830 -9695 -694 1317 -794 1105829750 893711 9832 -9684 -709 289935 0 166 -129 491 0 0 0 246128 -86300 -86082 511203 519948 20007 13 0 101516 0 0 0 0 0 0 0 0 0 0 0 0
22:05:27:11:40:09 20325 1281 -830 1106392625 893667 9833 -9710 -694 1303 -772 1094351875 893575 9831 -9703 -717 289946 0 174 -125 495 0 0 0 246198 -86253 -86059 511256 520345 19997 11 0 101516 0 0 0 0 0 0 0 0 0 0 0 0
22:05:27:11:40:10 20491 1300 -839 1093862500 893532 9831 -9695 -720 1383 -795 1063784125 893877 9839 -9713 -721 289954 0 172 -130 490 0 0 0 246372 -86284 -86080 511295 520820 19998 13 0 101516 0 0 0 0 0 0 0 0 0 0 0 0
22:05:27:11:40:12 20661 1298 -841 1098495000 893412 9839 -9674 -733 1374 -772 1071183125 893829 9833 -9695 -723 289963 0 174 -126 487 0 0 0 246198 -86280 -86060 511220 517889 20010 12 0 101516 0 0 0 0 0 0 0 0 0 0 0 0
22:05:27:11:40:13 20833 1267 -809 1116464000 893267 9834 -9682 -731 1311 -797 1089725375 893549 9827 -9686 -718 289968 0 174 -127 489 0 0 0 245811 -86275 -86071 511129 513127 20032 9 0 101516 0 0 0 0 0 0 0 0 0 0 0 0
22:05:27:11:40:15 21008 1285 -815 1091533125 893059 9846 -9678 -766 1335 -835 1079134500 893738 9841 -9682 -712 289976 0 175 -121 489 0 0 0 245465 -86281 -86072 510579 510859 19993 10 0 101516 0 0 0 0 0 0 0 0 0 0 0 0
22:05:27:11:40:16 21186 1290 -797 1092542625 893006 9853 -9685 -776 1310 -836 1082920500 893566 9831 -9674 -718 289983 0 178 -120 490 0 0 0 245109 -86314 -86090 510340 510464 20005 11 0 101516 0 0 0 0 0 0 0 0 0 0 0 0
22:05:27:11:40:17 21367 1308 -825 1083469500 893189 9846 -9685 -765 1342 -826 1072944750 893682 9849 -9683 -724 289990 0 175 -128 486 0 0 0 245141 -86340 -86101 510421 511126 20008 13 0 101516 0 0 0 0 0 0 0 0 0 0 0 0
22:05:27:11:40:19 21551 1313 -810 1078800500 893083 9854 -9686 -780 1300 -807 1079574375 893291 9836 -9683 -742 289997 0 172 -125 491 0 0 0 245411 -86278 -86079 510428 512955 19992 10 0 101516 0 0 0 0 0 0 0 0 0 0 0 0
22:05:27:11:40:20 21739 1303 -809 1086674250 893216 9853 -9680 -760 1326 -828 1063610875 893151 9847 -9689 -777 290002 0 173 -125 492 0 0 0 245619 -86342 -86093 510396 514382 20020 12 0 101516 0 0 0 0 0 0 0 0 0 0 0 0
22:05:27:11:40:22 21929 1296 -819 1091909375 893028 9839 -9673 -776 1291 -818 1082639625 893093 9839 -9687 -762 290005 0 173 -117 492 0 0 0 245655 -86290 -86105 510406 515342 19991 12 0 101516 0 0 0 0 0 0 0 0 0 0 0 0
22:05:27:11:40:23 22123 1301 -850 1088566500 892890 9835 -9667 -793 1269 -821 1090869375 893140 9835 -9673 -745 290012 0 171 -124 489 0 0 0 245618 -86307 -86108 510447 516254 20006 14 0 101516 0 0 0 0 0 0 0 0 0 0 0 0
22:05:27:11:40:24 22321 1314 -837 1078830625 892644 9837 -9654 -830 1296 -808 1080004500 893213 9838 -9686 -753 290015 0 180 -116 499 0 0 0 245848 -86358 -86130 510514 517057 20001 14 0 101516 0 0 0 0 0 0 0 0 0 0 0 0
22:05:27:11:40:26 22522 1353 -821 1064065875 892891 9848 -9668 -824 1332 -845 1058396750 893048 9843 -9682 -795 290020 0 176 -107 490 0 0 0 246166 -86324 -86128 510608 517619 20016 11 0 101516 0 0 0 0 0 0 0 0 0 0 0 0
22:05:27:11:40:27 22727 1337 -831 1059518250 892753 9847 -9665 -831 1296 -890 1081287625 892741 9818 -9664 -804 290026 0 175 -110 494 0 0 0 246516 -86357 -86139 510684 518143 20015 13 0 101516 0 0 0 0 0 0 0 0 0 0 0 0
22:05:27:11:40:29 22935 1327 -820 1061871250 892790 9848 -9671 -821 1304 -881 1071864125 892549 9825 -9666 -831 290031 0 177 -115 499 0 0 0 246852 -86367 -86138 510654 518586 20005 11 0 101516 0 0 0 0 0 0 0 0 0 0 0 0
22:05:27:11:40:30 23148 1260 -813 1085351250 892186 9832 -9670 -835 1249 -864 1089678125 892358 9806 -9680 -813 290034 0 170 -109 508 0 0 0 247131 -86336 -86163 510589 519090 19969 14 0 101516 0 0 0 0 0 0 0 0 0 0 0 0
22:05:27:11:40:31 23364 1210 -818 1100824500 892007 9825 -9647 -821 1241 -839 1082365125 892218 9816 -9673 -825 290038 0 174 -108 501 0 0 0 247385 -86335 -86136 510550 519643 20003 12 0 101516 0 0 0 0 0 0 0 0 0 0 0 0
22:05:27:11:40:33 23584 1228 -819 1084201125 891920 9826 -9659 -845 1276 -888 1079955375 892395 9828 -9676 -829 290041 0 171 -110 494 0 0 0 247767 -86354 -86143 510466 520105 20005 11 0 101517 0 0 0 0 0 0 0 0 0 0 0 0
22:05:27:11:40:34 23809 1266 -836 1078103250 892050 9821 -9648 -857 1300 -871 1071658500 892460 9832 -9674 -838 290049 0 172 -108 500 0 0 0 247943 -86301 -86030 510377 520525 20022 12 0 101517 0 0 0 0 0 0 0 0 0 0 0 0
22:05:27:11:40:35 24038 1343 -839 1065923000 892456 9832 -9663 -860 1330 -846 1064940375 892476 9834 -9665 -857 290054 0 175 -111 501 0 0 0 248019 -86251 -86054 510311 520936 20011 14 0 101517 0 0 0 0 0 0 0 0 0 0 0 0
22:05:27:11:40:37 24271 1338 -837 1060771125 892257 9844 -9683 -883 1379 -838 1048672500 892915 9836 -9685 -833 290060 0 169 -108 500 0 0 0 248025 -86298 -86063 510304 521388 20008 13 0 101517 0 0 0 0 0 0 0 0 0 0 0 0
22:05:27:11:40:38 24509 1356 -862 1050419750 892199 9856 -9698 -905 1355 -852 1055709250 892464 9833 -9675 -870 290072 0 174 -109 495 0 0 0 247951 -86262 -86040 510293 521817 20013 8 0 101517 0 0 0 0 0 0 0 0 0 0 0 0
22:05:27:11:40:40 24752 1334 -850 1055225125 891990 9850 -9693 -914 1331 -855 1065448375 892209 9830 -9674 -884 290080 0 171 -115 502 0 0 0 247833 -86294 -86070 510211 522305 20036 12 0 101516 0 0 0 0 0 0 0 0 0 0 0 0
22:05:27:11:40:41 25000 1377 -853 1032270562 892045 9847 -9682 -937 1337 -861 1061713875 892184 9833 -9668 -893 290088 0 172 -112 500 0 0 0 247719 -86285 -86061 510122 522663 19991 12 0 101517 0 0 0 0 0 0 0 0 0 0 0 0
22:05:27:11:40:43 25252 1390 -829 1035175687 892015 9846 -9664 -951 1302 -853 1069489875 891876 9830 -9672 -902 290100 0 175 -106 497 0 0 0 247332 -86316 -86061 509950 522955 19967 10 0 101517 0 0 0 0 0 0 0 0 0 0 0 0
22:05:27:11:40:44 25510 1393 -823 1027920937 891880 9840 -9652 -969 1334 -849 1057813500 892037 9833 -9654 -907 290111 0 174 -110 498 0 0 0 247086 -86320 -86082 509905 523222 19993 14 0 101517 0 0 0 0 0 0 0 0 0 0 0 0
22:05:27:11:40:46 25773 1431 -838 1015795625 891795 9841 -9676 -1008 1326 -864 1058061625 891868 9838 -9654 -922 290122 0 171 -107 504 0 0 0 246882 -86262 -86059 509817 523507 19984 11 0 101517 0 0 0 0 0 0 0 0 0 0 0 0
22:05:27:11:40:47 26041 1389 -833 1033568625 891429 9836 -9673 -1019 1341 -882 1049228625 891423 9825 -9664 -984 290133 0 176 -109 497 0 0 0 246515 -86279 -86073 509678 523770 19997 10 0 101517 0 0 0 0 0 0 0 0 0 0 0 0
22:05:27:11:40:49 26315 1369 -855 1027724625 891282 9832 -9658 -1020 1340 -865 1044300375 891289 9814 -9673 -998 290147 0 171 -105 504 0 0 0 246350 -86315 -86096 509548 523558 20066 10 0 101517 0 0 0 0 0 0 0 0 0 0 0 0
22:05:27:11:40:50 26595 1392 -839 1008106812 891449 9840 -9676 -1019 1321 -877 1050804125 891286 9812 -9671 -985 290158 0 173 -109 500 0 0 0 245936 -86307 -86111 509377 523159 20003 14 0 101517 0 0 0 0 0 0 0 0 0 0 0 0
22:05:27:11:40:51 26881 1347 -882 1021604625 890892 9839 -9661 -1046 1312 -874 1050210000 890955 9806 -9657 -1014 290166 0 167 -108 500 0 0 0 245614 -86317 -86103 509258 520435 19994 14 0 101517 0 0 0 0 0 0 0 0 0 0 0 0
22:05:27:11:40:53 27173 1339 -883 1017542250 890652 9845 -9664 -1070 1326 -860 1040625187 890836 9816 -9664 -1040 290178 0 179 -108 503 0 0 0 245304 -86349 -86125 509152 517109 20029 16 0 101516 0 0 0 0 0 0 0 0 0 0 0 0
22:05:27:11:40:54 27472 1318 -868 1017863000 890516 9839 -9656 -1069 1322 -847 1038606937 890748 9823 -9658 -1048 290184 0 177 -112 504 0 0 0 244740 -86342 -86112 508995 514302 20010 14 0 101515 0 0 0 0 0 0 0 0 0 0 0 0
22:05:27:11:40:56 27777 1334 -876 1011378187 890401 9844 -9651 -1097 1323 -842 1037314687 890587 9814 -9648 -1066 290191 0 176 -108 501 0 0 0 244579 -86365 -86107 509007 511367 20044 11 0 101515 0 0 0 0 0 0 0 0 0 0 0 0
22:05:27:11:40:57 28089 1361 -869 1005231812 890679 9834 -9662 -1085 1330 -872 1026404125 890307 9818 -9647 -1105 290202 0 173 -108 507 0 0 0 244450 -86304 -86109 509283 510873 20033 9 0 101515 0 0 0 0 0 0 0 0 0 0 0 0
22:05:27:11:40:58 28409 1378 -869 1001774937 890690 9834 -9658 -1099 1298 -902 1039718562 889748 9820 -9643 -1136 290206 0 175 -103 504 0 0 0 243806 -86322 -86118 509458 510583 20026 12 0 101515 0 0 0 0 0 0 0 0 0 0 0 0
22:05:27:11:41:00 28735 1345 -881 1016251687 890140 9826 -9666 -1132 1342 -878 1019011812 889787 9816 -9670 -1171 290216 0 176 -111 496 0 0 0 243243 -86248 -86033 509610 510550 19990 10 0 101515 0 0 0 0 0 0 0 0 0 0 0 0
22:05:27:11:41:01 29069 1391 -878 1010217562 890300 9830 -9667 -1152 1312 -854 1029721312 889586 9804 -9679 -1165 290217 0 175 -113 496 0 0 0 242614 -86284 -86045 509858 510378 20053 11 0 101515 0 0 0 0 0 0 0 0 0 0 0 0
22:05:27:11:41:03 29411 1403 -893 1001157375 890336 9832 -9668 -1160 1319 -848 1030629375 889558 9805 -9676 -1177 290218 0 175 -105 498 0 0 0 242100 -86273 -86044 509900 510455 20020 11 0 101515 0 0 0 0 0 0 0 0 0 0 0 0
22:05:27:11:41:04 29761 1345 -898 1009327500 889717 9829 -9670 -1176 1311 -841 1023001937 889242 9812 -9678 -1205 290221 0 170 -107 500 0 0 0 241029 -86263 -86042 510046 510379 20019 11 0 101515 0 0 0 0 0 0 0 0 0 0 0 0
22:05:27:11:41:06 30120 1357 -905 1000358062 889486 9818 -9676 -1216 1330 -839 1005714125 889176 9816 -9695 -1232 290224 0 179 -108 491 0 0 0 239573 -86269 -86039 510109 510399 20021 12 0 101515 0 0 0 0 0 0 0 0 0 0 0 0
22:05:27:11:41:07 30487 1334 -922 1002392937 889001 9820 -9673 -1250 1354 -867 1000699562 889064 9813 -9680 -1268 290221 0 172 -103 499 0 0 0 238399 -86262 -86074 510120 510371 20015 14 0 101516 0 0 0 0 0 0 0 0 0 0 0 0
22:05:27:11:41:09 30864 1397 -928 978954750 889424 9832 -9679 -1258 1336 -879 1007435625 888857 9798 -9685 -1272 290214 0 172 -108 502 0 0 0 237969 -86315 -86062 510124 510419 20025 11 0 101516 0 0 0 0 0 0 0 0 0 0 0 0
22:05:27:11:41:10 31250 1351 -914 987700625 888929 9820 -9671 -1270 1397 -892 992993812 889147 9819 -9694 -1295 290209 0 167 -111 503 0 0 0 237031 -86289 -86054 510109 510415 20005 11 0 101516 0 0 0 0 0 0 0 0 0 0 0 0
22:05:27:11:41:11 31645 1357 -923 978147687 888517 9826 -9681 -1328 1390 -878 984394875 888825 9826 -9682 -1328 290196 0 172 -106 507 0 0 0 236166 -86305 -86076 510084 510467 20018 12 0 101516 0 0 0 0 0 0 0 0 0 0 0 0
22:05:27:11:41:13 32051 1342 -924 981244187 888174 9825 -9692 -1355 1387 -894 980995687 888552 9818 -9684 -1358 290186 0 171 -104 502 0 0 0 235526 -86312 -86090 509975 510462 20030 14 0 101516 0 0 0 0 0 0 0 0 0 0 0 0
22:05:27:11:41:14 32467 1357 -917 972072312 888048 9825 -9681 -1386 1379 -884 971751875 888241 9825 -9677 -1388 290174 0 180 -110 498 0 0 0 234663 -86322 -86112 509901 510529 20022 12 0 101516 0 0 0 0 0 0 0 0 0 0 0 0
22:05:27:11:41:16 32894 1357 -913 974163687 887994 9819 -9669 -1393 1407 -886 971706812 888030 9815 -9684 -1442 290153 0 171 -105 495 0 0 0 234259 -86353 -86124 509948 510468 20002 12 0 101516 0 0 0 0 0 0 0 0 0 0 0 0
22:05:27:11:41:17 33333 1329 -928 977941437 887369 9796 -9673 -1429 1418 -889 968163750 887898 9822 -9674 -1471 290136 0 176 -109 502 0 0 0 233958 -86373 -86113 509805 510594 20002 17 0 101516 0 0 0 0 0 0 0 0 0 0 0 0
22:05:27:11:41:18 33783 1331 -926 976179187 886965 9810 -9671 -1481 1435 -890 954388062 887632 9828 -9687 -1523 290112 0 173 -106 499 0 0 0 234064 -86263 -86041 509882 510349 20052 11 0 101516 0 0 0 0 0 0 0 0 0 0 0 0
22:05:27:11:41:20 34246 1334 -930 970968937 886706 9798 -9694 -1513 1407 -893 958419375 887159 9832 -9676 -1548 290089 0 168 -111 504 0 0 0 234235 -86225 -86029 509827 510560 20031 12 0 101516 0 0 0 0 0 0 0 0 0 0 0 0
22:05:27:11:41:21 34722 1358 -918 963977375 886758 9795 -9692 -1535 1375 -883 966969187 886539 9825 -9688 -1581 290063 0 175 -108 501 0 0 0 233984 -86261 -86060 509743 510381 20022 16 0 101514 0 0 0 0 0 0 0 0 0 0 0 0
22:05:27:11:41:23 35211 1386 -917 954054375 886558 9803 -9703 -1594 1433 -890 945119375 886463 9825 -9702 -1660 290036 0 171 -108 505 0 0 0 233650 -86286 -86040 509969 510433 20032 12 0 101514 0 0 0 0 0 0 0 0 0 0 0 0
22:05:27:11:41:24 35714 1389 -922 953752937 886305 9801 -9683 -1627 1408 -900 937920812 885874 9814 -9721 -1699 290005 0 171 -109 504 0 0 0 233361 -86291 -86069 510067 510367 20027 13 0 101514 0 0 0 0 0 0 0 0 0 0 0 0
22:05:27:11:41:26 36231 1405 -917 947070812 885915 9801 -9680 -1694 1475 -905 916612125 886162 9827 -9711 -1744 289980 0 168 -106 507 0 0 0 232987 -86274 -86067 510090 510389 20327 13 0 101515 0 0 0 0 0 0 0 0 0 0 0 0
22:05:27:11:41:27 36764 1400 -930 935149500 884978 9811 -9701 -1801 1446 -893 914007312 885563 9816 -9737 -1780 289950 0 168 -102 502 0 0 0 232523 -86319 -86081 510104 510380 20354 11 0 101515 0 0 0 0 0 0 0 0 0 0 0 0
22:05:27:11:41:29 37313 1392 -927 925745937 885069 9815 -9704 -1781 1470 -911 906520125 885837 9807 -9726 -1775 289915 0 173 -107 498 0 0 0 231877 -86287 -86062 510046 510435 20300 9 0 101515 0 0 0 0 0 0 0 0 0 0 0 0
22:05:27:11:41:30 37878 1415 -919 911900125 885480 9813 -9714 -1758 1462 -910 901779875 885474 9812 -9719 -1812 289884 0 172 -104 496 0 0 0 231670 -86316 -86108 510026 510448 20151 14 0 101515 0 0 0 0 0 0 0 0 0 0 0 0
22:05:27:11:41:32 38461 1448 -939 898621875 885402 9822 -9703 -1811 1450 -909 896730312 884499 9816 -9701 -1919 289851 0 169 -104 498 0 0 0 231576 -86346 -86106 509994 510454 20297 12 0 101513 0 0 0 0 0 0 0 0 0 0 0 0
22:05:27:11:41:33 39062 1434 -950 895266812 884845 9812 -9712 -1859 1442 -921 895102937 884518 9818 -9701 -1908 289815 0 184 -103 505 0 0 0 231332 -86276 -86045 509943 510383 20082 12 0 101513 0 0 0 0 0 0 0 0 0 0 0 0
22:05:27:11:41:35 39682 1484 -944 883786375 885188 9820 -9713 -1879 1420 -947 898048000 883549 9816 -9692 -1994 289778 0 173 -105 503 0 0 0 230633 -86254 -86046 509896 510419 20156 12 0 101514 0 0 0 0 0 0 0 0 0 0 0 0
22:05:27:11:41:36 40322 1460 -956 889579750 884608 9811 -9705 -1918 1434 -940 893048625 883634 9808 -9686 -2003 289735 0 176 -102 494 0 0 0 230025 -86284 -86056 509914 510347 20200 12 0 101514 0 0 0 0 0 0 0 0 0 0 0 0
22:05:27:11:41:37 40983 1466 -985 885846625 884234 9805 -9701 -1975 1487 -942 877567375 883914 9821 -9696 -2043 289699 0 176 -106 497 0 0 0 229529 -86334 -86093 510028 510311 20149 12 0 101515 0 0 0 0 0 0 0 0 0 0 0 0
22:05:27:11:41:39 41666 1491 -980 875670937 883811 9805 -9708 -2065 1462 -937 875926562 883187 9806 -9707 -2096 289660 0 176 -104 498 0 0 0 228940 -86308 -86059 509985 510354 20193 10 0 101510 0 0 0 0 0 0 0 0 0 0 0 0
22:05:27:11:41:40 42372 1485 -979 868332125 883101 9811 -9688 -2149 1419 -926 883405187 882153 9792 -9707 -2148 289614 0 171 -103 501 0 0 0 228722 -86361 -86094 509996 510461 20002 13 0 101511 0 0 0 0 0 0 0 0 0 0 0 0
22:05:27:11:41:42 43103 1472 -964 861308750 882468 9805 -9705 -2206 1420 -962 875659875 881543 9791 -9700 -2229 289573 0 167 -104 497 0 0 0 228595 -86311 -86092 509950 510451 20025 12 0 101512 0 0 0 0 0 0 0 0 0 0 0 0
22:05:27:11:41:43 43859 1447 -959 863784375 881564 9810 -9703 -2278 1484 -971 857463750 881824 9811 -9687 -2299 289526 0 176 -107 500 0 0 0 228413 -86254 -86050 509901 510420 20055 14 0 101513 0 0 0 0 0 0 0 0 0 0 0 0
22:05:27:11:41:45 44642 1455 -975 854649625 881247 9813 -9693 -2333 1480 -975 846761750 881193 9820 -9701 -2379 289478 0 177 -108 502 0 0 0 228514 -86280 -86056 509892 510419 20037 11 0 101514 0 0 0 0 0 0 0 0 0 0 0 0
22:05:27:11:41:46 45454 1442 -992 846844250 880121 9820 -9701 -2452 1522 -977 832839875 881007 9823 -9698 -2476 289434 0 172 -106 499 0 0 0 228769 -86333 -86088 509868 510474 20010 13 0 101512 0 0 0 0 0 0 0 0 0 0 0 0
22:05:27:11:41:48 46296 1457 -1022 835375875 879715 9815 -9702 -2529 1535 -966 820391875 880456 9829 -9700 -2573 289386 0 172 -107 501 0 0 0 229139 -86342 -86076 509793 510482 19993 11 0 101512 0 0 0 0 0 0 0 0 0 0 0 0
22:05:27:11:41:49 47169 1473 -1033 827570312 879408 9806 -9702 -2595 1517 -983 817068375 879828 9828 -9694 -2623 289337 0 173 -105 498 0 0 0 229474 -86304 -86082 509669 510653 20026 11 0 101513 0 0 0 0 0 0 0 0 0 0 0 0
22:05:27:11:41:51 48076 1510 -1034 816761312 879367 9797 -9707 -2663 1531 -982 809041375 879368 9812 -9710 -2704 289289 0 170 -104 501 0 0 0 229455 -86331 -86111 509480 510680 20060 14 0 101513 0 0 0 0 0 0 0 0 0 0 0 0
22:05:27:11:41:52 49019 1493 -1028 814495250 878333 9790 -9707 -2759 1495 -986 808258812 878024 9810 -9706 -2802 289241 0 178 -104 501 0 0 0 229733 -86348 -86130 509344 511066 20013 14 0 101511 0 0 0 0 0 0 0 0 0 0 0 0
22:05:27:11:41:54 50000 1453 -1031 813457875 876647 9786 -9704 -2880 1503 -981 802164625 877354 9809 -9691 -2908 289196 0 176 -105 498 0 0 0 229819 -86307 -86079 509113 511285 20002 13 0 101512 0 0 0 0 0 0 0 0 0 0 0 0
22:05:27:11:41:55 50000 1479 -1022 805333375 876512 9783 -9699 -2955 1537 -999 787237875 877068 9799 -9696 -3012 289148 0 172 -106 498 0 0 0 230198 -86352 -86111 508944 511493 20023 12 0 101513 0 0 0 0 0 0 0 0 0 0 0 0
22:05:27:11:41:57 50505 1474 -1036 803946625 875988 9783 -9705 -3015 1531 -1035 779934062 876346 9800 -9694 -3095 289109 0 168 -105 504 0 0 0 230743 -86383 -86133 508780 511767 19992 14 0 101513 0 0 0 0 0 0 0 0 0 0 0 0
22:05:27:11:41:58 51020 1459 -1043 796348250 875375 9792 -9698 -3064 1482 -1052 784388062 875090 9801 -9693 -3143 289065 0 170 -106 506 0 0 0 231090 -86328 -86098 508641 511671 20009 11 0 101514 0 0 0 0 0 0 0 0 0 0 0 0
22:05:27:11:41:59 51546 1450 -1067 790500625 874595 9782 -9714 -3138 1521 -1064 778690000 875276 9806 -9686 -3207 289026 0 169 -105 501 0 0 0 231332 -86356 -86145 508719 510786 19983 13 0 101513 0 0 0 0 0 0 0 0 0 0 0 0
22:05:27:11:42:01 52083 1486 -1083 784024000 874641 9776 -9712 -3209 1529 -1063 774871062 875004 9796 -9691 -3260 288980 0 171 -104 500 0 0 0 231517 -86279 -86046 509221 510581 20014 11 0 101513 0 0 0 0 0 0 0 0 0 0 0 0
22:05:27:11:42:02 52631 1502 -1102 778221250 874246 9786 -9704 -3302 1521 -1101 771664500 874316 9780 -9707 -3328 288942 0 169 -105 510 0 0 0 231622 -86333 -86068 509579 510465 19988 9 0 101513 0 0 0 0 0 0 0 0 0 0 0 0
22:05:27:11:42:04 53191 1539 -1125 770536875 874588 9782 -9704 -3335 1508 -1106 768052062 873873 9774 -9715 -3356 288902 0 173 -107 500 0 0 0 231456 -86328 -86087 509549 510645 20011 8 0 101514 0 0 0 0 0 0 0 0 0 0 0 0
22:05:27:11:42:05 53763 1556 -1118 768292062 874403 9785 -9707 -3398 1537 -1115 758097062 874015 9785 -9708 -3406 288861 0 175 -106 503 0 0 0 231319 -86331 -86102 509201 510571 20016 12 0 101512 0 0 0 0 0 0 0 0 0 0 0 0
22:05:27:11:42:07 54347 1571 -1121 758556250 874063 9791 -9712 -3481 1555 -1103 748216937 873589 9786 -9722 -3508 288824 0 172 -107 498 0 0 0 230999 -86322 -86099 509497 510433 20030 11 0 101514 0 0 0 0 0 0 0 0 0 0 0 0
22:05:27:11:42:08 54945 1539 -1109 760276875 872940 9790 -9699 -3551 1527 -1100 746083000 872462 9772 -9712 -3580 288787 0 170 -102 505 0 0 0 230576 -86353 -86100 509686 510403 20018 12 0 101514 0 0 0 0 0 0 0 0 0 0 0 0
22:05:27:11:42:10 55555 1532 -1116 756009875 872250 9775 -9711 -3620 1544 -1107 742318937 872426 9763 -9705 -3621 288748 0 165 -104 500 0 0 0 230475 -86317 -86101 509635 510669 20028 12 0 101515 0 0 0 0 0 0 0 0 0 0 0 0
22:05:27:11:42:11 56179 1578 -1131 743471312 872627 9785 -9716 -3680 1560 -1092 740790500 872210 9765 -9697 -3693 288708 0 170 -107 503 0 0 0 230449 -86325 -86095 509934 510405 20008 10 0 101516 0 0 0 0 0 0 0 0 0 0 0 0
22:05:27:11:42:13 56818 1601 -1112 741749000 872490 9767 -9716 -3749 1563 -1082 734428687 871671 9776 -9718 -3778 288670 0 166 -99 504 0 0 0 230381 -86344 -86132 510078 510408 20023 14 0 101514 0 0 0 0 0 0 0 0 0 0 0 0
22:05:27:11:42:14 57471 1559 -1126 738364375 870976 9773 -9717 -3844 1532 -1084 730275250 870397 9796 -9699 -3868 288629 0 166 -102 507 0 0 0 230312 -86327 -86085 510073 510393 20010 11 0 101514 0 0 0 0 0 0 0 0 0 0 0 0
22:05:27:11:42:16 58139 1554 -1154 734404187 870326 9772 -9725 -3921 1600 -1090 719165312 870855 9795 -9714 -3975 288592 0 170 -103 496 0 0 0 230448 -86337 -86096 509937 510545 19999 12 0 101515 0 0 0 0 0 0 0 0 0 0 0 0
22:05:27:11:42:17 58823 1522 -1138 731641562 869156 9774 -9704 -3988 1609 -1109 715309375 870489 9798 -9731 -4054 288553 0 167 -103 499 0 0 0 230746 -86347 -86119 509963 510356 20008 12 0 101515 0 0 0 0 0 0 0 0 0 0 0 0
22:05:27:11:42:19 59523 1506 -1136 725842312 868201 9779 -9698 -4073 1569 -1105 713198125 868863 9791 -9717 -4154 288515 0 170 -105 505 0 0 0 230867 -86330 -86103 510099 510407 19977 12 0 101516 0 0 0 0 0 0 0 0 0 0 0 0
22:05:27:11:42:20 60240 1486 -1136 725512437 866979 9777 -9683 -4173 1591 -1106 706114250 868681 9791 -9710 -4245 288475 0 167 -106 510 0 0 0 230757 -86364 -86112 510099 510414 20056 10 0 101513 0 0 0 0 0 0 0 0 0 0 0 0
22:05:27:11:42:22 60975 1536 -1133 715897750 867367 9772 -9700 -4261 1576 -1129 700783000 867692 9782 -9713 -4336 288439 0 173 -108 508 0 0 0 230619 -86380 -86123 510105 510396 20018 15 0 101514 0 0 0 0 0 0 0 0 0 0 0 0
22:05:27:11:42:23 61728 1581 -1123 705377750 867439 9777 -9711 -4381 1616 -1135 691381125 867911 9793 -9725 -4422 288399 0 170 -110 501 0 0 0 230885 -86341 -86126 510096 510358 20011 12 0 101515 0 0 0 0 0 0 0 0 0 0 0 0
22:05:27:11:42:25 62500 1592 -1145 697830000 866912 9776 -9713 -4487 1648 -1128 685634937 868100 9783 -9745 -4480 288361 0 169 -109 497 0 0 0 231065 -86299 -86121 509866 510607 20045 15 0 101515 0 0 0 0 0 0 0 0 0 0 0 0
22:05:27:11:42:26 63291 1615 -1133 691895875 866646 9781 -9734 -4595 1631 -1154 680010625 867014 9790 -9746 -4587 288327 0 170 -109 509 0 0 0 231455 -86344 -86136 509576 510799 20027 15 0 101515 0 0 0 0 0 0 0 0 0 0 0 0
22:05:27:11:42:28 64102 1620 -1141 685015500 865984 9780 -9722 -4701 1663 -1153 672294125 866984 9805 -9739 -4692 288291 0 170 -103 504 0 0 0 231723 -86361 -86125 509085 511386 20022 13 0 101515 0 0 0 0 0 0 0 0 0 0 0 0
22:05:27:11:42:29 64935 1661 -1171 675626562 866074 9788 -9720 -4812 1663 -1154 666355625 866361 9810 -9738 -4785 288257 0 177 -106 503 0 0 0 231616 -86340 -86104 508614 512205 19995 11 0 101510 0 0 0 0 0 0 0 0 0 0 0 0
22:05:27:11:42:31 65789 1642 -1185 670058125 864987 9789 -9714 -4904 1655 -1174 665427125 865316 9794 -9736 -4899 288222 0 169 -110 505 0 0 0 231864 -86384 -86120 508247 512747 19994 12 0 101511 0 0 0 0 0 0 0 0 0 0 0 0
22:05:27:11:42:32 66666 1703 -1196 661125062 865695 9790 -9717 -4979 1674 -1164 656169687 864774 9802 -9736 -5041 288188 0 167 -104 499 0 0 0 232019 -86361 -86147 507908 513076 20003 16 0 101512 0 0 0 0 0 0 0 0 0 0 0 0
22:05:27:11:42:34 67567 1679 -1218 657578562 864349 9790 -9713 -5097 1691 -1171 651189562 864288 9797 -9731 -5163 288152 0 172 -105 508 0 0 0 232561 -86301 -86086 507695 513347 20051 13 0 101513 0 0 0 0 0 0 0 0 0 0 0 0
22:05:27:11:42:35 68493 1693 -1217 650577812 863541 9790 -9720 -5264 1677 -1181 646875000 863293 9785 -9729 -5252 288123 0 172 -105 508 0 0 0 232966 -86314 -86102 507574 513614 20020 12 0 101513 0 0 0 0 0 0 0 0 0 0 0 0
22:05:27:11:42:37 69444 1646 -1210 649064250 861139 9789 -9720 -5433 1674 -1218 642812437 862468 9792 -9725 -5365 288090 0 170 -109 506 0 0 0 232960 -86340 -86088 507383 513937 20076 9 0 101514 0 0 0 0 0 0 0 0 0 0 0 0
22:05:27:11:42:38 70422 1626 -1208 645309562 859484 9790 -9718 -5599 1712 -1215 636122937 861607 9791 -9730 -5618 288058 0 173 -110 499 0 0 0 233308 -86347 -86079 507209 514488 20043 10 0 101511 0 0 0 0 0 0 0 0 0 0 0 0
22:05:27:11:42:40 71428 1667 -1222 639053500 860025 9786 -9728 -5665 1693 -1231 630892500 860612 9794 -9718 -5697 288031 0 169 -116 497 0 0 0 233793 -86320 -86131 507016 514298 19998 14 0 101512 0 0 0 0 0 0 0 0 0 0 0 0
22:05:27:11:42:41 72463 1700 -1218 630450437 859890 9788 -9737 -5807 1737 -1244 623422562 860443 9783 -9738 -5865 288000 0 178 -114 489 0 0 0 234224 -86334 -86097 506831 514975 20007 13 0 101512 0 0 0 0 0 0 0 0 0 0 0 0
22:05:27:11:42:43 73529 1728 -1215 622459812 859290 9794 -9740 -6003 1803 -1249 613093875 861200 9790 -9741 -5966 287971 0 176 -119 494 0 0 0 234604 -86346 -86088 506651 515753 20013 11 0 101513 0 0 0 0 0 0 0 0 0 0 0 0
22:05:27:11:42:44 74626 1757 -1237 613332562 858538 9802 -9731 -6228 1796 -1248 607752875 859704 9789 -9738 -6169 287948 0 169 -112 493 0 0 0 235066 -86321 -86108 506517 514187 20042 15 0 101514 0 0 0 0 0 0 0 0 0 0 0 0
22:05:27:11:42:46 75757 1773 -1263 605205437 858284 9807 -9729 -6328 1756 -1286 601501750 857433 9788 -9739 -6358 287925 0 174 -113 498 0 0 0 235516 -86328 -86125 506415 515676 20005 17 0 101514 0 0 0 0 0 0 0 0 0 0 0 0
22:05:27:11:42:47 76923 1744 -1248 602631937 856418 9787 -9735 -6478 1825 -1307 593141812 857892 9779 -9734 -6532 287903 0 175 -118 494 0 0 0 235722 -86328 -86116 506334 516495 19980 15 0 101514 0 0 0 0 0 0 0 0 0 0 0 0
22:05:27:11:42:49 78125 1726 -1248 596774250 854231 9779 -9735 -6721 1825 -1301 585122062 857064 9789 -9737 -6675 287879 0 178 -118 490 0 0 0 236084 -86342 -86099 506299 517190 19982 13 0 101514 0 0 0 0 0 0 0 0 0 0 0 0
22:05:27:11:42:50 79365 1754 -1275 589349062 854081 9782 -9741 -6861 1793 -1335 581134687 854846 9784 -9723 -6882 287860 0 178 -122 496 0 0 0 236335 -86338 -86106 506244 517799 19981 14 0 101514 0 0 0 0 0 0 0 0 0 0 0 0
22:05:27:11:42:52 80645 1740 -1286 584123437 852734 9779 -9747 -7001 1789 -1315 575259937 853956 9781 -9718 -7007 287842 0 173 -119 501 0 0 0 236675 -86324 -86095 506157 512144 20011 13 0 101515 0 0 0 0 0 0 0 0 0 0 0 0
22:05:27:11:42:53 81967 1754 -1288 577081812 851697 9786 -9734 -7224 1746 -1305 571520312 851612 9793 -9699 -7180 287824 0 174 -114 497 0 0 0 236789 -86319 -86118 505953 512806 19996 16 0 101512 0 0 0 0 0 0 0 0 0 0 0 0
22:05:27:11:42:55 83333 1756 -1311 571647812 850473 9778 -9734 -7412 1760 -1304 562907750 850621 9806 -9692 -7410 287811 0 175 -117 501 0 0 0 237177 -86324 -86099 505715 514327 19982 16 0 101512 0 0 0 0 0 0 0 0 0 0 0 0
22:05:27:11:42:57 84745 1781 -1316 562611125 849424 9782 -9739 -7689 1796 -1331 557310437 850241 9797 -9692 -7623 287797 0 172 -118 491 0 0 0 237446 -86303 -86071 505507 513424 19976 14 0 101513 0 0 0 0 0 0 0 0 0 0 0 0
22:05:27:11:42:58 86206 1831 -1377 552791562 849732 9789 -9749 -7854 1795 -1341 552602000 848678 9795 -9686 -7860 287781 0 170 -121 494 0 0 0 237480 -86330 -86087 505292 513892 19985 15 0 101513 0 0 0 0 0 0 0 0 0 0 0 0
22:05:27:11:43:00 87719 1818 -1397 548252125 847046 9774 -9746 -8193 1800 -1352 545877187 847411 9779 -9689 -8066 287771 0 168 -118 491 0 0 0 237271 -86273 -86052 505111 515778 19979 12 0 101513 0 0 0 0 0 0 0 0 0 0 0 0
22:05:27:11:43:01 89285 1814 -1390 540166625 846227 9789 -9733 -8320 1848 -1357 536442625 846675 9791 -9707 -8419 287759 0 168 -112 497 0 0 0 237179 -86299 -86059 504930 516654 19989 11 0 101514 0 0 0 0 0 0 0 0 0 0 0 0
22:05:27:11:43:03 90909 1782 -1401 536081062 843666 9772 -9729 -8530 1828 -1352 530425687 844447 9784 -9716 -8655 287746 0 174 -118 490 0 0 0 236823 -86324 -86093 504790 517177 20021 13 0 101515 0 0 0 0 0 0 0 0 0 0 0 0
22:05:27:11:43:04 92592 1822 -1416 526929437 843297 9768 -9735 -8784 1819 -1354 525278625 842164 9786 -9698 -8966 287740 0 170 -120 497 0 0 0 236860 -86291 -86078 504659 517415 19999 13 0 101515 0 0 0 0 0 0 0 0 0 0 0 0
22:05:27:11:43:06 94339 1852 -1429 518154500 842049 9770 -9736 -9140 1855 -1379 517861781 841677 9780 -9704 -9221 287731 0 168 -115 490 0 0 0 237099 -86273 -86047 504551 517460 19989 10 0 101515 0 0 0 0 0 0 0 0 0 0 0 0
22:05:27:11:43:07 96153 1850 -1455 512762500 841362 9763 -9721 -9227 1867 -1395 509967468 841817 9778 -9691 -9257 287722 0 175 -118 489 0 0 0 237008 -86324 -86071 504431 517149 19969 12 0 101515 0 0 0 0 0 0 0 0 0 0 0 0
22:05:27:11:43:09 98039 1884 -1452 505100437 838446 9747 -9718 -9865 1924 -1440 497967093 840152 9772 -9691 -9824 287718 0 180 -120 491 0 0 0 237149 -86289 -86059 504311 516897 19975 12 0 101515 0 0 0 0 0 0 0 0 0 0 0 0
22:05:27:11:43:11 100000 1896 -1457 497050375 838502 9763 -9704 -9931 1968 -1438 488068593 836483 9776 -9705 -10691 287713 0 178 -117 495 0 0 0 237698 -86239 -86046 504208 515988 19961 10 0 101515 0 0 0 0 0 0 0 0 0 0 0 0
22:05:27:11:43:12 100000 1915 -1450 487338562 838802 9766 -9713 -9979 1919 -1441 486117843 834391 9765 -9713 -10720 287706 0 173 -120 493 0 0 0 238147 -86319 -86072 504118 516787 19978 11 0 101515 0 0 0 0 0 0 0 0 0 0 0 0


#mb 22:05:27:11:46:52 (start time)
#id 347252 (device id)
#ta 7221 (tia amplification, tia input channel, signal range, dsp mode)
#1t 2f [3vi_ma 4vi_mi 5mag 6pha 7vv_ma 8vv_mi 9cor][10vi_ma 11vi_mi 12mag 13pha 14vv_ma 15vv_mi 16cor][17t_pcb 18t_ther][19,20,21mag][22,23,24acc][25,26,27ext(t,light,hum)][28dv1 29dv2 30rf 31tr 32sp 33pr 34sm 35st 36lght 37empt 38empt 39empt 40empt 41empt 42empt 43empt 44empt 45empt]
22:05:27:11:46:53 4496 1338 -767 1149729875 898377 9891 -9738 -187 1203 -661 1259723500 898955 9859 -9679 -108 291046 0 170 -129 490 0 0 0 263772 -56574 -57101 513258 510152 20012 -98 0 101515 0 0 0 0 0 0 0 0 0 0 0 0
22:05:27:11:46:54 4595 1291 -785 1184141750 898602 9877 -9725 -157 1193 -671 1271711250 899046 9849 -9694 -97 291100 0 199 -127 492 0 0 0 264087 -85663 -85581 512380 510152 19993 11 0 101514 0 0 0 0 0 0 0 0 0 0 0 0
22:05:27:11:46:56 4699 1233 -776 1204253125 898752 9875 -9728 -135 1233 -705 1235024500 898953 9848 -9711 -111 291148 0 203 -130 495 0 0 0 264622 -86145 -86009 512302 510151 19990 13 0 101514 0 0 0 0 0 0 0 0 0 0 0 0
