

#mb 22:05:27:11:47:07 (start time)
#id 347252 (device id)
#ta 7221 (tia amplification, tia input channel, signal range, dsp mode)
#1t 2f [3vi_ma 4vi_mi 5mag 6pha 7vv_ma 8vv_mi 9cor][10vi_ma 11vi_mi 12mag 13pha 14vv_ma 15vv_mi 16cor][17t_pcb 18t_ther][19,20,21mag][22,23,24acc][25,26,27ext(t,light,hum)][28dv1 29dv2 30rf 31tr 32sp 33pr 34sm 35st 36lght 37empt 38empt 39empt 40empt 41empt 42empt 43empt 44empt 45empt]
22:05:27:11:47:08 4496 1393 -736 1141092500 898436 9856 -9816 -187 1235 -678 1224720625 897444 9841 -9719 -271 291551 0 203 -128 491 0 0 0 266277 -81175 -80928 510136 510152 19975 5 0 101516 0 0 0 0 0 0 0 0 0 0 0 0
22:05:27:11:47:09 4595 1357 -745 1146193125 898072 9859 -9783 -222 1238 -685 1224333000 897519 9850 -9717 -263 291604 0 196 -130 492 0 0 0 266355 -86143 -85960 510137 510150 19969 9 0 101515 0 0 0 0 0 0 0 0 0 0 0 0
22:05:27:11:47:11 4699 1282 -742 1185619500 898328 9859 -9760 -186 1274 -685 1199321625 897361 9851 -9718 -289 291654 0 200 -126 492 0 0 0 266515 -86161 -86046 510138 510152 19955 10 0 101515 0 0 0 0 0 0 0 0 0 0 0 0
22:05:27:11:47:12 4807 1281 -766 1173690625 897584 9874 -9750 -268 1232 -675 1223702000 897849 9863 -9709 -232 291705 0 200 -131 495 0 0 0 266765 -86184 -86068 510137 510154 19968 10 0 101514 0 0 0 0 0 0 0 0 0 0 0 0
22:05:27:11:47:14 4901 1283 -772 1173658250 897871 9870 -9727 -235 1251 -681 1216685125 898159 9866 -9713 -200 291756 0 202 -131 492 0 0 0 266971 -86234 -86120 510139 510150 19960 12 0 101516 0 0 0 0 0 0 0 0 0 0 0 0
22:05:27:11:47:15 5000 1273 -754 1182012375 897726 9861 -9725 -249 1272 -704 1192314625 898410 9879 -9719 -174 291808 0 200 -127 493 0 0 0 267153 -86242 -86128 510137 510151 19990 11 0 101515 0 0 0 0 0 0 0 0 0 0 0 0
22:05:27:11:47:17 5102 1251 -750 1190401000 897825 9870 -9722 -234 1259 -702 1201481875 898534 9871 -9714 -159 291856 0 197 -128 497 0 0 0 267165 -86276 -86141 510137 510152 19988 14 0 101514 0 0 0 0 0 0 0 0 0 0 0 0
22:05:27:11:47:18 5208 1205 -734 1213336500 897059 9866 -9711 -298 1243 -726 1203083625 897893 9858 -9715 -223 291906 0 199 -132 485 0 0 0 267254 -86260 -86132 510137 510151 20016 13 0 101513 0 0 0 0 0 0 0 0 0 0 0 0
22:05:27:11:47:19 5296 1199 -743 1215348750 897051 9849 -9705 -298 1249 -731 1202362000 897640 9852 -9715 -252 291954 0 202 -130 491 0 0 0 267380 -86267 -86164 510136 510150 19981 13 0 101512 0 0 0 0 0 0 0 0 0 0 0 0
22:05:27:11:47:21 5411 1210 -730 1209375750 897198 9845 -9715 -287 1240 -702 1197076625 897627 9843 -9726 -251 292002 0 205 -132 489 0 0 0 267489 -86291 -86169 510138 510153 20004 11 0 101514 0 0 0 0 0 0 0 0 0 0 0 0
22:05:27:11:47:22 5506 1185 -740 1226422250 897193 9839 -9721 -282 1265 -722 1185203250 897975 9857 -9738 -217 292052 0 199 -129 490 0 0 0 267510 -86283 -86176 510137 510152 19970 12 0 101514 0 0 0 0 0 0 0 0 0 0 0 0
22:05:27:11:47:24 5605 1199 -727 1216354000 897815 9839 -9725 -221 1283 -727 1186554625 897935 9848 -9737 -225 292104 0 201 -131 488 0 0 0 267591 -86306 -86168 510139 510151 19981 12 0 101513 0 0 0 0 0 0 0 0 0 0 0 0
22:05:27:11:47:25 5707 1181 -737 1203207375 898085 9849 -9724 -192 1236 -755 1192984125 897990 9851 -9736 -212 292150 0 204 -130 491 0 0 0 267694 -86314 -86190 510139 510154 19977 10 0 101513 0 0 0 0 0 0 0 0 0 0 0 0
22:05:27:11:47:26 5787 1152 -761 1221626875 897540 9830 -9733 -238 1200 -753 1202470625 897421 9834 -9731 -260 292200 0 200 -126 490 0 0 0 267766 -86293 -86175 510139 510154 19977 9 0 101515 0 0 0 0 0 0 0 0 0 0 0 0
22:05:27:11:47:28 5896 1086 -734 1261125750 897665 9817 -9734 -215 1243 -754 1171439375 897713 9839 -9757 -237 292248 0 202 -125 492 0 0 0 267783 -86340 -86193 510137 510151 19975 9 0 101515 0 0 0 0 0 0 0 0 0 0 0 0
22:05:27:11:47:29 6009 1098 -722 1244839250 897717 9813 -9742 -213 1195 -734 1218038000 897567 9837 -9737 -243 292295 0 202 -123 495 0 0 0 268392 -86337 -86197 510136 510152 19966 12 0 101514 0 0 0 0 0 0 0 0 0 0 0 0
22:05:27:11:47:30 6097 1151 -730 1228699625 897807 9807 -9745 -213 1217 -724 1205469625 897510 9833 -9737 -256 292350 0 202 -127 491 0 0 0 269124 -86351 -86226 510136 510152 19976 14 0 101514 0 0 0 0 0 0 0 0 0 0 0 0
22:05:27:11:47:32 6188 1135 -749 1227622250 898153 9801 -9744 -178 1216 -747 1201770750 897485 9815 -9770 -259 292398 0 201 -126 494 0 0 0 269643 -86296 -86227 510137 510153 19971 12 0 101519 0 0 0 0 0 0 0 0 0 0 0 0
22:05:27:11:47:33 6313 1133 -745 1245338250 897505 9783 -9756 -240 1175 -733 1219712000 897851 9807 -9764 -217 292450 0 206 -132 492 0 0 0 270007 -86343 -86196 510137 510150 19971 9 0 101518 0 0 0 0 0 0 0 0 0 0 0 0
22:05:27:11:47:34 6410 1108 -734 1261614625 897724 9776 -9744 -215 1184 -724 1216740000 897985 9812 -9757 -204 292505 0 206 -126 496 0 0 0 270338 -86379 -86229 510137 510151 20013 12 0 101517 0 0 0 0 0 0 0 0 0 0 0 0
22:05:27:11:47:36 6510 1160 -732 1228281000 897084 9781 -9756 -295 1184 -730 1212738625 897932 9801 -9753 -209 292551 0 204 -131 485 0 0 0 270655 -86328 -86229 510135 510151 19965 11 0 101517 0 0 0 0 0 0 0 0 0 0 0 0
22:05:27:11:47:37 6613 1128 -719 1235873875 897164 9775 -9760 -278 1221 -726 1195595375 897660 9803 -9755 -246 292599 0 200 -129 482 0 0 0 271178 -86387 -86252 510138 510152 19963 12 0 101518 0 0 0 0 0 0 0 0 0 0 0 0
22:05:27:11:47:38 6684 1165 -731 1216557375 897271 9775 -9759 -273 1282 -714 1172048375 897603 9809 -9759 -265 292651 0 208 -128 486 0 0 0 271991 -86328 -86259 510137 510150 19975 12 0 101518 0 0 0 0 0 0 0 0 0 0 0 0
22:05:27:11:47:39 6793 1126 -742 1233597500 897164 9774 -9748 -273 1254 -717 1179182375 897268 9795 -9759 -292 292701 0 201 -132 487 0 0 0 272736 -86391 -86255 510138 510152 19968 12 0 101517 0 0 0 0 0 0 0 0 0 0 0 0
22:05:27:11:47:41 6906 1158 -746 1210783750 897180 9775 -9750 -278 1192 -729 1215154875 896932 9784 -9765 -307 292754 0 200 -132 489 0 0 0 273513 -86344 -86245 510137 510153 19984 8 0 101516 0 0 0 0 0 0 0 0 0 0 0 0
22:05:27:11:47:42 6983 1189 -741 1191836250 897395 9775 -9753 -263 1195 -709 1212203000 896830 9790 -9762 -320 292804 0 206 -130 499 0 0 0 274464 -86350 -86263 510137 510148 20034 12 0 101518 0 0 0 0 0 0 0 0 0 0 0 0
22:05:27:11:47:43 7102 1178 -716 1202413250 896818 9788 -9744 -318 1221 -707 1189060375 896668 9786 -9761 -346 292857 0 204 -131 493 0 0 0 275319 -86375 -86284 510137 510151 19971 13 0 101518 0 0 0 0 0 0 0 0 0 0 0 0
22:05:27:11:47:44 7183 1169 -748 1216393250 896422 9779 -9733 -354 1211 -742 1198110125 896718 9790 -9764 -338 292909 0 195 -131 496 0 0 0 276153 -86402 -86284 510138 510152 19972 12 0 101517 0 0 0 0 0 0 0 0 0 0 0 0
22:05:27:11:47:46 7309 1128 -742 1233019125 896613 9782 -9720 -325 1237 -756 1178275250 896322 9795 -9763 -390 292962 0 202 -131 495 0 0 0 276884 -86374 -86271 510138 510152 19965 9 0 101516 0 0 0 0 0 0 0 0 0 0 0 0
22:05:27:11:47:47 7396 1112 -730 1245459000 896743 9775 -9730 -309 1196 -725 1200704500 896813 9805 -9737 -330 293017 0 200 -127 493 0 0 0 276997 -86416 -86287 510136 510152 19972 12 0 101515 0 0 0 0 0 0 0 0 0 0 0 0
22:05:27:11:47:48 7485 1102 -699 1252110000 896579 9783 -9736 -321 1227 -729 1187383000 897089 9796 -9738 -306 293070 0 199 -133 501 0 0 0 277501 -86415 -86274 510137 510152 19981 10 0 101517 0 0 0 0 0 0 0 0 0 0 0 0
22:05:27:11:47:49 7621 1075 -696 1253990500 896764 9783 -9750 -297 1229 -728 1190085750 896879 9798 -9746 -329 293122 0 205 -122 503 0 0 0 278230 -86412 -86282 510137 510151 19990 12 0 101517 0 0 0 0 0 0 0 0 0 0 0 0
22:05:27:11:47:51 7716 1082 -666 1241967000 896838 9789 -9734 -292 1168 -739 1219495750 896613 9795 -9747 -335 293175 0 206 -130 494 0 0 0 278829 -86400 -86305 510136 510149 19979 13 0 101516 0 0 0 0 0 0 0 0 0 0 0 0
22:05:27:11:47:52 7812 1154 -696 1225006875 896642 9775 -9727 -333 1153 -721 1238277250 896732 9793 -9741 -320 293229 0 200 -132 504 0 0 0 279218 -86433 -86311 510134 510149 19957 12 0 101518 0 0 0 0 0 0 0 0 0 0 0 0
22:05:27:11:47:53 7911 1185 -698 1212137125 896587 9784 -9730 -347 1172 -708 1214043500 897033 9802 -9735 -295 293287 0 209 -126 501 0 0 0 279313 -86401 -86280 510136 510151 19995 11 0 101517 0 0 0 0 0 0 0 0 0 0 0 0
22:05:27:11:47:54 8012 1135 -688 1242247875 895706 9777 -9727 -408 1216 -741 1183707375 897166 9804 -9745 -292 293342 0 199 -134 499 0 0 0 279382 -86403 -86283 510136 510150 19975 12 0 101517 0 0 0 0 0 0 0 0 0 0 0 0
22:05:27:11:47:55 8116 1132 -698 1231565125 895449 9776 -9732 -434 1168 -717 1205778000 896715 9791 -9733 -321 293394 0 203 -128 492 0 0 0 279269 -86427 -86289 510136 510152 19986 11 0 101516 0 0 0 0 0 0 0 0 0 0 0 0
22:05:27:11:47:57 8223 1159 -691 1224226500 895524 9786 -9728 -439 1199 -737 1194295750 896413 9791 -9726 -364 293451 0 207 -130 491 0 0 0 279161 -86414 -86286 510137 510152 19969 12 0 101518 0 0 0 0 0 0 0 0 0 0 0 0
22:05:27:11:47:58 8278 1115 -701 1254214750 895115 9791 -9724 -459 1200 -735 1180687875 896344 9787 -9711 -372 293505 0 203 -130 491 0 0 0 278792 -86393 -86311 510138 510150 19980 12 0 101517 0 0 0 0 0 0 0 0 0 0 0 0
22:05:27:11:47:59 8389 1145 -713 1225925125 895109 9796 -9741 -474 1166 -736 1199288250 896142 9782 -9699 -381 293563 0 200 -134 496 0 0 0 278486 -86439 -86305 510137 510152 19980 10 0 101516 0 0 0 0 0 0 0 0 0 0 0 0
22:05:27:11:48:00 8503 1178 -716 1194236125 894941 9799 -9739 -507 1167 -769 1192120250 895951 9790 -9716 -401 293612 0 202 -124 496 0 0 0 278336 -86413 -86298 510136 510150 19973 13 0 101515 0 0 0 0 0 0 0 0 0 0 0 0
22:05:27:11:48:01 8620 1143 -692 1207308500 894803 9802 -9733 -505 1199 -732 1178332500 895764 9786 -9718 -433 293668 0 202 -130 492 0 0 0 278316 -86418 -86314 510137 510150 19984 14 0 101517 0 0 0 0 0 0 0 0 0 0 0 0
22:05:27:11:48:02 8680 1179 -703 1187426500 894924 9798 -9739 -509 1147 -704 1212097500 895701 9777 -9723 -419 293726 0 197 -128 489 0 0 0 278292 -86380 -86312 510137 510150 20043 10 0 101516 0 0 0 0 0 0 0 0 0 0 0 0
22:05:27:11:48:04 8802 1181 -700 1183373375 895109 9796 -9730 -491 1107 -711 1230893875 895951 9784 -9731 -383 293775 0 206 -131 499 0 0 0 278243 -86404 -86315 510137 510150 19976 12 0 101515 0 0 0 0 0 0 0 0 0 0 0 0
22:05:27:11:48:05 8928 1148 -691 1196105500 895389 9789 -9731 -452 1068 -738 1254914375 895682 9780 -9718 -392 293827 0 201 -132 490 0 0 0 278219 -86427 -86306 510136 510149 19963 14 0 101514 0 0 0 0 0 0 0 0 0 0 0 0
22:05:27:11:48:06 8992 1163 -675 1177417750 895720 9785 -9739 -424 1095 -740 1243764000 895385 9774 -9720 -431 293877 0 204 -135 489 0 0 0 278224 -86417 -86304 510136 510152 19962 14 0 101518 0 0 0 0 0 0 0 0 0 0 0 0
22:05:27:11:48:07 9124 1156 -668 1196952375 895703 9781 -9719 -423 1095 -767 1239395500 894751 9768 -9724 -490 293930 0 205 -133 494 0 0 0 278236 -86409 -86298 510134 510151 19962 8 0 101517 0 0 0 0 0 0 0 0 0 0 0 0
22:05:27:11:48:08 9191 1173 -681 1197856750 895498 9779 -9715 -451 1101 -745 1241260000 894901 9771 -9723 -478 293981 0 208 -129 492 0 0 0 278340 -86430 -86324 510136 510150 19963 13 0 101517 0 0 0 0 0 0 0 0 0 0 0 0
22:05:27:11:48:09 9328 1212 -663 1175230625 895469 9784 -9721 -469 1123 -758 1220396625 894938 9775 -9723 -484 294029 0 201 -127 497 0 0 0 278423 -86404 -86307 510136 510151 19962 14 0 101516 0 0 0 0 0 0 0 0 0 0 0 0
22:05:27:11:48:10 9398 1196 -662 1171949750 895273 9785 -9735 -482 1062 -767 1251688250 894180 9774 -9713 -517 294080 0 204 -128 496 0 0 0 278470 -86386 -86315 510135 510589 19965 11 0 101518 0 0 0 0 0 0 0 0 0 0 0 0
22:05:27:11:48:12 9469 1265 -682 1159537875 895802 9809 -9731 -446 1089 -771 1236708750 894937 9787 -9716 -459 294146 0 200 -130 503 0 0 0 278381 -86119 -86009 510136 510198 19967 13 0 101517 0 0 0 0 0 0 0 0 0 0 0 0
22:05:27:11:48:13 9615 1202 -671 1205036375 896100 9799 -9722 -399 1148 -749 1210111625 895675 9793 -9718 -407 294211 0 201 -128 485 0 0 0 277857 -86111 -86016 510137 510151 19972 10 0 101516 0 0 0 0 0 0 0 0 0 0 0 0
22:05:27:11:48:14 9689 1230 -700 1201486875 896333 9797 -9727 -382 1227 -742 1182994250 896197 9807 -9723 -379 294273 0 202 -134 486 0 0 0 277622 -86147 -86041 510139 510148 19966 13 0 101517 0 0 0 0 0 0 0 0 0 0 0 0
22:05:27:11:48:16 9765 1243 -705 1201923625 896542 9796 -9731 -365 1241 -735 1165501250 896555 9822 -9718 -351 294335 0 203 -127 487 0 0 0 277014 -86164 -86055 510109 510152 19957 13 0 101517 0 0 0 0 0 0 0 0 0 0 0 0
22:05:27:11:48:17 9920 1261 -695 1184739000 896547 9813 -9732 -371 1263 -733 1155767375 896639 9822 -9729 -352 294394 0 201 -130 496 0 0 0 277099 -86131 -86046 510174 510150 19978 14 0 101515 0 0 0 0 0 0 0 0 0 0 0 0
22:05:27:11:48:19 10000 1271 -691 1169987875 896763 9828 -9728 -351 1253 -734 1158270500 896891 9822 -9734 -326 294456 0 203 -125 485 0 0 0 276977 -86134 -86043 510111 510150 19983 12 0 101517 0 0 0 0 0 0 0 0 0 0 0 0
22:05:27:11:48:20 10080 1259 -712 1162251875 896865 9827 -9713 -337 1257 -747 1151957625 896972 9827 -9739 -321 294515 0 208 -125 493 0 0 0 276696 -86129 -86057 510137 510149 19963 12 0 101516 0 0 0 0 0 0 0 0 0 0 0 0
22:05:27:11:48:22 10204 1286 -738 1179503375 896883 9821 -9707 -342 1289 -752 1176867750 896682 9821 -9724 -364 294573 0 209 -135 484 0 0 0 276703 -86199 -86077 510136 510145 19970 10 0 101515 0 0 0 0 0 0 0 0 0 0 0 0
22:05:27:11:48:23 10288 1280 -734 1177957000 896899 9811 -9719 -339 1284 -750 1176425250 896922 9812 -9724 -337 294630 0 205 -131 495 0 0 0 276853 -86156 -86078 510137 507908 19962 13 0 101517 0 0 0 0 0 0 0 0 0 0 0 0
22:05:27:11:48:25 10416 1306 -746 1158175000 896961 9816 -9722 -339 1304 -744 1173587875 897017 9820 -9727 -331 294687 0 203 -127 485 0 0 0 277025 -86150 -86052 510134 510150 19964 12 0 101515 0 0 0 0 0 0 0 0 0 0 0 0
22:05:27:11:48:26 10504 1281 -786 1166414750 896939 9822 -9739 -335 1352 -758 1142832500 896645 9826 -9740 -391 294739 0 203 -128 492 0 0 0 276981 -86197 -86060 510138 510149 19974 14 0 101514 0 0 0 0 0 0 0 0 0 0 0 0
22:05:27:11:48:27 10593 1295 -789 1153910000 896830 9819 -9738 -351 1326 -756 1163486000 896528 9816 -9738 -395 294794 0 211 -135 493 0 0 0 277020 -86178 -86059 510137 510151 19991 10 0 101516 0 0 0 0 0 0 0 0 0 0 0 0
22:05:27:11:48:29 10683 1286 -778 1156306125 896771 9821 -9737 -355 1270 -742 1183946125 896525 9807 -9723 -378 294849 0 210 -129 486 0 0 0 276989 -86150 -86089 510137 510151 19983 11 0 101515 0 0 0 0 0 0 0 0 0 0 0 0
22:05:27:11:48:30 10822 1242 -760 1182220750 896365 9808 -9727 -382 1263 -744 1178102500 896729 9813 -9723 -354 294903 0 204 -129 488 0 0 0 276709 -86217 -86124 510135 510150 19978 15 0 101514 0 0 0 0 0 0 0 0 0 0 0 0
22:05:27:11:48:32 10917 1215 -754 1180504875 896498 9812 -9728 -362 1244 -762 1184655625 896648 9806 -9708 -357 294958 0 200 -129 481 0 0 0 276450 -86237 -86121 510133 510152 20005 15 0 101516 0 0 0 0 0 0 0 0 0 0 0 0
22:05:27:11:48:33 11013 1202 -749 1204814375 896557 9805 -9711 -352 1263 -779 1174713125 896557 9821 -9707 -373 295012 0 210 -129 484 0 0 0 276117 -86191 -86096 510135 510149 20040 12 0 101515 0 0 0 0 0 0 0 0 0 0 0 0
22:05:27:11:48:34 11111 1232 -768 1180134375 896217 9810 -9705 -399 1246 -779 1181096750 896234 9808 -9708 -400 295066 0 202 -134 481 0 0 0 275697 -86166 -86101 510135 510150 20008 13 0 101514 0 0 0 0 0 0 0 0 0 0 0 0
22:05:27:11:48:36 11210 1273 -782 1154594250 896370 9816 -9718 -395 1227 -768 1198677500 896045 9798 -9700 -413 295117 0 203 -129 489 0 0 0 275288 -86239 -86084 510135 510150 20011 10 0 101516 0 0 0 0 0 0 0 0 0 0 0 0
22:05:27:11:48:37 11312 1285 -744 1154726000 896046 9817 -9705 -435 1258 -755 1175647500 896471 9810 -9705 -376 295171 0 199 -130 488 0 0 0 274685 -86242 -86099 510135 510150 19983 11 0 101514 0 0 0 0 0 0 0 0 0 0 0 0
22:05:27:11:48:38 11415 1276 -723 1146956875 896137 9818 -9705 -422 1228 -746 1177877250 896454 9805 -9714 -369 295227 0 205 -133 489 0 0 0 274433 -86242 -86086 509691 510149 19974 10 0 101513 0 0 0 0 0 0 0 0 0 0 0 0
22:05:27:11:48:40 11520 1217 -748 1168605875 896183 9811 -9707 -398 1236 -747 1173182000 896587 9801 -9723 -358 295278 0 205 -129 490 0 0 0 274269 -86199 -86105 510135 510191 19984 12 0 101518 0 0 0 0 0 0 0 0 0 0 0 0
22:05:27:11:48:41 11574 1245 -753 1153481000 896255 9823 -9706 -399 1262 -740 1168451375 896446 9808 -9708 -382 295333 0 203 -127 488 0 0 0 274025 -86229 -86108 510135 511689 19978 12 0 101518 0 0 0 0 0 0 0 0 0 0 0 0
22:05:27:11:48:42 11682 1202 -764 1186867250 895976 9809 -9686 -411 1245 -750 1170724500 896305 9816 -9711 -393 295379 0 206 -129 489 0 0 0 273935 -86190 -86114 510179 510227 19966 13 0 101517 0 0 0 0 0 0 0 0 0 0 0 0
22:05:27:11:48:44 11792 1197 -784 1196499375 896060 9808 -9691 -401 1239 -748 1172199500 896326 9815 -9700 -389 295430 0 206 -131 488 0 0 0 273869 -86238 -86111 510173 510151 19973 12 0 101518 0 0 0 0 0 0 0 0 0 0 0 0
22:05:27:11:48:45 11904 1228 -764 1177172125 896208 9808 -9699 -396 1243 -745 1178078000 896595 9813 -9692 -361 295480 0 208 -130 489 0 0 0 273783 -86249 -86127 510136 510150 19962 12 0 101517 0 0 0 0 0 0 0 0 0 0 0 0
22:05:27:11:48:46 12019 1273 -788 1148349250 896248 9823 -9691 -407 1252 -733 1175361000 896267 9811 -9690 -400 295530 0 207 -129 486 0 0 0 273786 -86170 -86095 510136 510150 19965 13 0 101516 0 0 0 0 0 0 0 0 0 0 0 0
22:05:27:11:48:48 12077 1244 -785 1153713625 896184 9818 -9672 -405 1243 -717 1187591875 896574 9801 -9685 -364 295575 0 205 -136 486 0 0 0 273804 -86224 -86102 510137 510150 19965 13 0 101515 0 0 0 0 0 0 0 0 0 0 0 0
22:05:27:11:48:49 12195 1265 -798 1138036750 896092 9830 -9695 -423 1304 -758 1149921875 896499 9813 -9696 -392 295625 0 207 -131 487 0 0 0 273713 -86276 -86124 510135 510148 19968 14 0 101517 0 0 0 0 0 0 0 0 0 0 0 0
22:05:27:11:48:50 12315 1231 -775 1154340750 896026 9824 -9702 -418 1261 -748 1167254000 896247 9817 -9702 -404 295674 0 201 -132 486 0 0 0 273573 -86239 -86126 505765 510150 19992 14 0 101516 0 0 0 0 0 0 0 0 0 0 0 0
22:05:27:11:48:52 12376 1285 -780 1134762500 895908 9839 -9683 -452 1220 -735 1188005000 895948 9815 -9701 -419 295723 0 210 -132 487 0 0 0 273491 -86242 -86126 506395 510149 20024 12 0 101515 0 0 0 0 0 0 0 0 0 0 0 0
22:05:27:11:48:53 12500 1261 -778 1138481750 895762 9838 -9693 -458 1220 -714 1192282125 896058 9822 -9696 -409 295767 0 206 -134 486 0 0 0 273307 -86203 -86147 506624 510148 20007 14 0 101517 0 0 0 0 0 0 0 0 0 0 0 0
22:05:27:11:48:54 12626 1187 -769 1179210000 895733 9829 -9682 -433 1227 -719 1184983375 895975 9818 -9689 -421 295819 0 206 -133 484 0 0 0 273155 -86246 -86128 506991 510150 20004 12 0 101516 0 0 0 0 0 0 0 0 0 0 0 0
22:05:27:11:48:56 12690 1218 -772 1159361625 896021 9822 -9693 -413 1261 -741 1155265125 895735 9818 -9708 -461 295864 0 207 -130 488 0 0 0 273220 -86262 -86145 507719 510151 20011 13 0 101516 0 0 0 0 0 0 0 0 0 0 0 0
22:05:27:11:48:57 12820 1207 -754 1157343625 896046 9819 -9701 -407 1269 -751 1142347625 895797 9824 -9702 -457 295912 0 207 -132 498 0 0 0 273343 -86230 -86132 508490 510150 20015 13 0 101515 0 0 0 0 0 0 0 0 0 0 0 0
22:05:27:11:48:58 12886 1202 -737 1179552375 895902 9810 -9701 -420 1243 -760 1145724500 895960 9833 -9689 -431 295960 0 202 -133 490 0 0 0 273211 -86226 -86113 509316 510150 19992 11 0 101517 0 0 0 0 0 0 0 0 0 0 0 0
22:05:27:11:49:00 13020 1161 -743 1185887125 895534 9820 -9711 -440 1228 -762 1154681875 895601 9835 -9692 -462 296009 0 207 -130 489 0 0 0 273254 -86206 -86117 509543 510150 19989 12 0 101516 0 0 0 0 0 0 0 0 0 0 0 0
22:05:27:11:49:01 13089 1180 -725 1180049875 895606 9826 -9698 -441 1228 -755 1153867625 895515 9822 -9690 -471 296060 0 204 -131 485 0 0 0 273239 -86250 -86121 509636 510150 19985 12 0 101515 0 0 0 0 0 0 0 0 0 0 0 0
22:05:27:11:49:02 13227 1238 -707 1145735750 895840 9840 -9703 -437 1217 -770 1165463750 895721 9813 -9684 -446 296108 0 210 -133 486 0 0 0 273274 -86240 -86125 509572 510149 19984 12 0 101515 0 0 0 0 0 0 0 0 0 0 0 0
22:05:27:11:49:03 13297 1213 -702 1157521250 895993 9825 -9694 -414 1215 -749 1158893000 895629 9815 -9703 -454 296156 0 209 -136 490 0 0 0 273272 -86232 -86127 509520 510150 19992 12 0 101516 0 0 0 0 0 0 0 0 0 0 0 0
22:05:27:11:49:05 13368 1204 -699 1175577375 895557 9825 -9682 -456 1254 -727 1152859625 895722 9814 -9708 -458 296202 0 210 -131 488 0 0 0 273251 -86198 -86113 509343 510151 19994 10 0 101515 0 0 0 0 0 0 0 0 0 0 0 0
22:05:27:11:49:06 13513 1225 -725 1153701000 895428 9830 -9680 -479 1229 -744 1158967250 895554 9802 -9702 -465 296250 0 209 -136 486 0 0 0 273231 -86233 -86134 509256 510149 20007 14 0 101514 0 0 0 0 0 0 0 0 0 0 0 0
22:05:27:11:49:07 13586 1218 -737 1155951750 895317 9818 -9681 -487 1259 -742 1153184750 895399 9800 -9683 -495 296301 0 206 -132 488 0 0 0 273232 -86258 -86128 509125 510149 19990 13 0 101516 0 0 0 0 0 0 0 0 0 0 0 0
22:05:27:11:49:08 13736 1207 -756 1146259000 895146 9814 -9688 -500 1273 -736 1145238125 895361 9816 -9702 -505 296349 0 210 -132 488 0 0 0 272969 -86243 -86127 509161 510150 19999 10 0 101515 0 0 0 0 0 0 0 0 0 0 0 0
22:05:27:11:49:10 13812 1201 -751 1151016875 895295 9802 -9687 -482 1246 -715 1149930625 895261 9809 -9692 -505 296396 0 208 -129 494 0 0 0 272931 -86229 -86132 509114 510149 20072 15 0 101514 0 0 0 0 0 0 0 0 0 0 0 0
22:05:27:11:49:11 13888 1180 -743 1151427375 895194 9809 -9669 -484 1246 -744 1149604250 895315 9807 -9694 -499 296442 0 203 -133 498 0 0 0 273015 -86216 -86127 508906 510150 19989 11 0 101513 0 0 0 0 0 0 0 0 0 0 0 0
22:05:27:11:49:12 13966 1198 -741 1143619750 895153 9805 -9684 -496 1257 -761 1132623000 895395 9801 -9702 -494 296490 0 204 -131 482 0 0 0 273167 -86260 -86152 508701 510150 20010 13 0 101512 0 0 0 0 0 0 0 0 0 0 0 0
22:05:27:11:49:13 14124 1207 -755 1154488375 895075 9825 -9685 -509 1285 -744 1145585500 895570 9813 -9697 -486 296546 0 208 -139 496 0 0 0 273190 -86061 -85946 509162 510151 19989 12 0 101517 0 0 0 0 0 0 0 0 0 0 0 0
22:05:27:11:49:15 14204 1236 -771 1144804000 895101 9835 -9690 -519 1309 -770 1147980375 895732 9817 -9701 -476 296599 0 206 -136 486 0 0 0 273075 -86059 -85962 509443 510148 19989 15 0 101516 0 0 0 0 0 0 0 0 0 0 0 0
22:05:27:11:49:16 14285 1245 -776 1141333625 895493 9825 -9690 -480 1300 -810 1135435625 895869 9816 -9698 -458 296655 0 207 -136 489 0 0 0 272940 -86039 -85969 509973 510149 19981 13 0 101515 0 0 0 0 0 0 0 0 0 0 0 0
22:05:27:11:49:18 14367 1256 -758 1140206375 895482 9830 -9697 -486 1280 -796 1152123750 895855 9818 -9707 -453 296706 0 204 -134 492 0 0 0 272559 -86069 -85963 510060 510148 19990 18 0 101517 0 0 0 0 0 0 0 0 0 0 0 0
22:05:27:11:49:19 14534 1260 -749 1140898500 895413 9824 -9700 -495 1295 -783 1141418875 896023 9809 -9697 -439 296761 0 209 -132 494 0 0 0 271942 -86028 -85954 510127 510149 19993 12 0 101516 0 0 0 0 0 0 0 0 0 0 0 0
22:05:27:11:49:21 14619 1235 -758 1162096375 895260 9818 -9691 -500 1316 -788 1130276625 895966 9814 -9702 -454 296812 0 203 -132 490 0 0 0 271512 -86055 -85956 510136 510149 19985 14 0 101515 0 0 0 0 0 0 0 0 0 0 0 0
22:05:27:11:49:22 14705 1237 -764 1158352750 895123 9821 -9680 -516 1252 -774 1153212625 895666 9812 -9684 -460 296861 0 203 -136 487 0 0 0 271134 -86089 -85983 510135 510148 19989 13 0 101517 0 0 0 0 0 0 0 0 0 0 0 0
22:05:27:11:49:24 14792 1254 -783 1159110625 895368 9812 -9696 -496 1292 -795 1134050250 895764 9815 -9686 -464 296913 0 203 -130 488 0 0 0 270499 -86113 -85974 510125 510148 19979 13 0 101516 0 0 0 0 0 0 0 0 0 0 0 0
22:05:27:11:49:25 14880 1252 -817 1150854250 895276 9823 -9694 -506 1278 -776 1142030500 895657 9813 -9695 -472 296963 0 209 -134 495 0 0 0 270240 -86079 -85987 510129 510151 19978 15 0 101516 0 0 0 0 0 0 0 0 0 0 0 0
22:05:27:11:49:27 14970 1258 -806 1166957500 895415 9818 -9695 -493 1287 -765 1137846500 895582 9817 -9693 -485 297008 0 200 -136 490 0 0 0 270046 -86033 -85961 510128 510149 19987 13 0 101515 0 0 0 0 0 0 0 0 0 0 0 0
22:05:27:11:49:28 15060 1275 -799 1148709000 895443 9817 -9697 -497 1309 -759 1153102875 895630 9818 -9695 -488 297052 0 205 -129 482 0 0 0 269607 -86048 -85950 510135 510149 19986 13 0 101516 0 0 0 0 0 0 0 0 0 0 0 0
22:05:27:11:49:29 15243 1272 -824 1135005500 895294 9819 -9712 -512 1280 -756 1151039875 895624 9824 -9684 -479 297099 0 207 -129 483 0 0 0 269125 -86061 -85974 510135 510147 19992 12 0 101515 0 0 0 0 0 0 0 0 0 0 0 0
22:05:27:11:49:31 15337 1309 -830 1116574000 895410 9821 -9723 -513 1291 -794 1142153125 895580 9823 -9698 -488 297143 0 207 -127 482 0 0 0 268460 -86052 -85965 510135 510150 19981 13 0 101515 0 0 0 0 0 0 0 0 0 0 0 0
22:05:27:11:49:32 15432 1276 -794 1130839750 895172 9822 -9702 -525 1285 -806 1130825250 895638 9817 -9698 -479 297186 0 205 -131 488 0 0 0 267977 -86059 -85960 510126 510149 19978 13 0 101514 0 0 0 0 0 0 0 0 0 0 0 0
22:05:27:11:49:34 15527 1295 -796 1120134500 895499 9823 -9702 -496 1288 -782 1131013625 895404 9819 -9700 -507 297224 0 208 -135 492 0 0 0 267637 -86111 -85986 510134 510149 19985 16 0 101514 0 0 0 0 0 0 0 0 0 0 0 0
22:05:27:11:49:35 15625 1275 -777 1126169750 895197 9836 -9698 -522 1297 -786 1141673625 895459 9827 -9696 -504 297264 0 206 -134 494 0 0 0 267143 -86065 -85976 510127 510151 19981 12 0 101516 0 0 0 0 0 0 0 0 0 0 0 0
22:05:27:11:49:37 15723 1289 -760 1133111375 895312 9824 -9703 -515 1230 -764 1166192500 895194 9829 -9680 -503 297299 0 209 -135 494 0 0 0 266657 -86123 -85965 510132 510150 19981 14 0 101515 0 0 0 0 0 0 0 0 0 0 0 0
22:05:27:11:49:38 15822 1306 -799 1125751250 895397 9832 -9700 -513 1255 -773 1157280625 895097 9827 -9669 -525 297338 0 207 -136 495 0 0 0 266204 -86049 -85965 510127 510148 19978 12 0 101515 0 0 0 0 0 0 0 0 0 0 0 0
22:05:27:11:49:39 15923 1313 -783 1121899750 895326 9821 -9714 -524 1270 -803 1147342125 895242 9824 -9678 -515 297370 0 216 -131 492 0 0 0 265554 -86068 -85952 510135 510148 19978 12 0 101515 0 0 0 0 0 0 0 0 0 0 0 0
22:05:27:11:49:41 16025 1274 -769 1139459000 895006 9812 -9700 -541 1251 -772 1161407125 895131 9818 -9689 -519 297402 0 212 -135 488 0 0 0 265289 -86092 -85981 510133 510148 19980 14 0 101517 0 0 0 0 0 0 0 0 0 0 0 0
22:05:27:11:49:42 16129 1321 -777 1121640250 895159 9828 -9693 -544 1217 -793 1160926000 894912 9809 -9673 -527 297430 0 209 -137 487 0 0 0 265021 -86155 -85993 510135 510149 19976 13 0 101516 0 0 0 0 0 0 0 0 0 0 0 0
22:05:27:11:49:44 16233 1344 -783 1108394875 895341 9826 -9696 -533 1195 -782 1153995125 894991 9804 -9672 -510 297462 0 211 -139 487 0 0 0 264654 -86076 -85968 510124 510151 19983 12 0 101515 0 0 0 0 0 0 0 0 0 0 0 0
22:05:27:11:49:45 16339 1278 -762 1138169625 895276 9825 -9697 -514 1212 -808 1152189625 894914 9812 -9672 -527 297493 0 205 -141 485 0 0 0 264231 -86097 -85977 510136 510151 19990 11 0 101515 0 0 0 0 0 0 0 0 0 0 0 0
22:05:27:11:49:46 16447 1270 -798 1129277750 895113 9819 -9703 -529 1251 -806 1132002125 895271 9820 -9671 -503 297520 0 211 -136 485 0 0 0 263819 -86069 -85990 510136 510151 19984 15 0 101515 0 0 0 0 0 0 0 0 0 0 0 0
22:05:27:11:49:48 16556 1333 -835 1101154125 895267 9821 -9694 -536 1233 -779 1148218875 895182 9817 -9658 -506 297545 0 210 -139 487 0 0 0 263542 -86087 -85981 510136 510150 19988 14 0 101514 0 0 0 0 0 0 0 0 0 0 0 0
22:05:27:11:49:49 16666 1271 -812 1114414500 894928 9840 -9674 -546 1220 -779 1147505000 894879 9818 -9662 -532 297572 0 209 -141 486 0 0 0 263245 -86131 -86015 510136 510150 19987 13 0 101513 0 0 0 0 0 0 0 0 0 0 0 0
22:05:27:11:49:50 16778 1235 -800 1141195250 894641 9826 -9681 -560 1214 -781 1140818375 894838 9813 -9660 -534 297593 0 202 -131 486 0 0 0 262754 -86098 -85994 510137 510148 19981 14 0 101516 0 0 0 0 0 0 0 0 0 0 0 0
22:05:27:11:49:52 16891 1212 -788 1143515125 894791 9824 -9695 -536 1257 -779 1126952625 894956 9831 -9655 -541 297620 0 212 -135 494 0 0 0 262361 -86130 -85994 510134 510148 19980 11 0 101515 0 0 0 0 0 0 0 0 0 0 0 0
22:05:27:11:49:53 17006 1212 -813 1134699750 894549 9829 -9692 -563 1258 -786 1142637500 894895 9823 -9669 -548 297641 0 209 -133 490 0 0 0 261991 -86102 -85992 510134 510149 20000 8 0 101515 0 0 0 0 0 0 0 0 0 0 0 0
22:05:27:11:49:55 17123 1246 -786 1112740500 894704 9817 -9690 -562 1251 -765 1130044875 894598 9819 -9692 -577 297664 0 211 -136 491 0 0 0 261578 -86098 -85991 510132 510150 20001 10 0 101514 0 0 0 0 0 0 0 0 0 0 0 0
22:05:27:11:49:56 17241 1260 -751 1106170250 894291 9833 -9698 -616 1289 -777 1121844125 894470 9826 -9696 -611 297685 0 210 -137 486 0 0 0 261253 -86121 -86013 510124 510150 19993 14 0 101514 0 0 0 0 0 0 0 0 0 0 0 0
22:05:27:11:49:57 17361 1240 -730 1119334250 894632 9825 -9676 -571 1236 -787 1160889000 894430 9814 -9682 -589 297704 0 206 -139 486 0 0 0 260820 -86147 -85993 510113 510150 19979 10 0 101514 0 0 0 0 0 0 0 0 0 0 0 0
22:05:27:11:49:59 17482 1236 -745 1119556250 894495 9819 -9683 -583 1250 -785 1159052875 894340 9814 -9683 -605 297721 0 209 -140 484 0 0 0 260537 -86135 -86029 510086 510148 19976 14 0 101513 0 0 0 0 0 0 0 0 0 0 0 0
22:05:27:11:50:00 17605 1211 -778 1144418500 894686 9821 -9683 -552 1274 -775 1132849500 894294 9829 -9694 -623 297742 0 209 -135 491 0 0 0 260350 -86118 -85996 510130 510149 19980 12 0 101513 0 0 0 0 0 0 0 0 0 0 0 0
22:05:27:11:50:01 17730 1216 -801 1152959500 894732 9813 -9694 -549 1273 -793 1121771250 894116 9832 -9684 -642 297762 0 211 -142 486 0 0 0 260026 -86110 -85980 510131 510148 19983 11 0 101512 0 0 0 0 0 0 0 0 0 0 0 0
22:05:27:11:50:03 17857 1221 -813 1153080625 894539 9798 -9706 -570 1272 -792 1119788750 894372 9835 -9692 -614 297777 0 206 -137 483 0 0 0 259585 -86081 -86001 510134 510148 19971 11 0 101518 0 0 0 0 0 0 0 0 0 0 0 0
22:05:27:11:50:04 17985 1191 -791 1147489375 894310 9811 -9696 -579 1314 -801 1109874375 894613 9837 -9686 -605 297789 0 206 -137 484 0 0 0 259115 -86135 -86013 510135 510148 19977 14 0 101517 0 0 0 0 0 0 0 0 0 0 0 0
22:05:27:11:50:05 18115 1217 -783 1150292750 894308 9816 -9693 -592 1290 -778 1127980500 894673 9838 -9685 -588 297806 0 206 -134 485 0 0 0 258675 -86156 -86008 510133 510149 19977 12 0 101517 0 0 0 0 0 0 0 0 0 0 0 0
22:05:27:11:50:07 18248 1279 -782 1116245125 894403 9833 -9692 -612 1267 -778 1132311000 894453 9839 -9680 -601 297818 0 204 -138 485 0 0 0 258204 -86152 -86029 510129 510149 19973 13 0 101517 0 0 0 0 0 0 0 0 0 0 0 0
22:05:27:11:50:08 18382 1272 -812 1103963500 894325 9836 -9691 -618 1262 -777 1136679875 894293 9835 -9663 -616 297834 0 207 -133 483 0 0 0 257844 -86150 -86037 510130 510148 20005 15 0 101517 0 0 0 0 0 0 0 0 0 0 0 0
22:05:27:11:50:09 18518 1276 -809 1095429500 894027 9827 -9686 -652 1285 -788 1123649375 894376 9837 -9661 -619 297847 0 210 -141 490 0 0 0 257570 -86132 -86018 510132 510146 19971 13 0 101516 0 0 0 0 0 0 0 0 0 0 0 0
22:05:27:11:50:11 18656 1225 -806 1117645000 893778 9826 -9680 -650 1271 -802 1131483000 894344 9837 -9655 -616 297858 0 204 -136 492 0 0 0 257282 -86136 -86029 510131 510149 19961 13 0 101516 0 0 0 0 0 0 0 0 0 0 0 0
22:05:27:11:50:12 18796 1241 -794 1117778875 893871 9821 -9673 -649 1251 -781 1127218250 894308 9834 -9658 -610 297867 0 202 -139 486 0 0 0 256896 -86151 -86039 510127 510148 19964 12 0 101515 0 0 0 0 0 0 0 0 0 0 0 0
22:05:27:11:50:13 18939 1257 -821 1113546500 893948 9819 -9677 -649 1282 -800 1112110250 894452 9844 -9676 -609 297878 0 203 -137 482 0 0 0 256260 -86013 -85922 510113 510149 19971 12 0 101515 0 0 0 0 0 0 0 0 0 0 0 0
22:05:27:11:50:15 19083 1289 -826 1112725750 894117 9825 -9679 -647 1297 -807 1099055750 894431 9849 -9683 -619 297889 0 203 -135 484 0 0 0 255993 -85988 -85860 510105 510148 19976 10 0 101515 0 0 0 0 0 0 0 0 0 0 0 0
22:05:27:11:50:16 19230 1304 -842 1095252500 894192 9829 -9694 -647 1284 -852 1106490875 894375 9847 -9679 -619 297902 0 204 -137 490 0 0 0 255780 -86065 -85905 510086 510148 19986 12 0 101514 0 0 0 0 0 0 0 0 0 0 0 0
22:05:27:11:50:18 19379 1281 -805 1106204750 894162 9829 -9678 -639 1272 -846 1114527875 894447 9845 -9685 -606 297911 0 206 -137 482 0 0 0 255743 -86039 -85885 510034 510149 19980 10 0 101514 0 0 0 0 0 0 0 0 0 0 0 0
22:05:27:11:50:19 19531 1275 -813 1129901500 894191 9826 -9675 -634 1323 -816 1085810375 894484 9839 -9691 -625 297919 0 203 -137 482 0 0 0 255627 -86020 -85888 510066 510149 19971 10 0 101514 0 0 0 0 0 0 0 0 0 0 0 0
22:05:27:11:50:21 19685 1311 -824 1102472000 894276 9829 -9679 -642 1359 -801 1071403000 894362 9849 -9699 -659 297927 0 208 -135 489 0 0 0 255469 -86024 -85890 510103 510148 19965 10 0 101514 0 0 0 0 0 0 0 0 0 0 0 0
22:05:27:11:50:22 19841 1359 -819 1091174875 894213 9828 -9676 -673 1334 -818 1083483000 894359 9846 -9689 -646 297933 0 203 -138 486 0 0 0 255380 -86063 -85927 510120 510149 19966 9 0 101514 0 0 0 0 0 0 0 0 0 0 0 0
22:05:27:11:50:24 20000 1358 -803 1096509625 894067 9826 -9693 -690 1343 -797 1086414750 893989 9844 -9696 -694 297941 0 205 -137 478 0 0 0 255376 -86048 -85913 510113 510149 19961 11 0 101513 0 0 0 0 0 0 0 0 0 0 0 0
22:05:27:11:50:25 20161 1294 -785 1113571875 893778 9826 -9684 -686 1325 -813 1085727875 893809 9847 -9694 -704 297945 0 211 -138 488 0 0 0 255294 -86071 -85916 509892 510148 19965 9 0 101516 0 0 0 0 0 0 0 0 0 0 0 0
22:05:27:11:50:26 20325 1276 -777 1133519125 893630 9821 -9667 -693 1343 -808 1076740625 893960 9846 -9692 -696 297950 0 208 -136 493 0 0 0 255243 -86084 -85941 510031 510147 19979 15 0 101516 0 0 0 0 0 0 0 0 0 0 0 0
22:05:27:11:50:28 20491 1273 -773 1122263625 893789 9827 -9660 -675 1388 -809 1067976875 894109 9848 -9700 -700 297955 0 198 -134 493 0 0 0 254955 -86100 -85947 509758 510148 19982 14 0 101516 0 0 0 0 0 0 0 0 0 0 0 0
22:05:27:11:50:29 20661 1289 -768 1124023875 893734 9827 -9650 -691 1350 -819 1082575875 893766 9851 -9691 -719 297960 0 202 -135 495 0 0 0 254485 -86076 -85956 509027 510149 20066 14 0 101516 0 0 0 0 0 0 0 0 0 0 0 0
22:05:27:11:50:31 20833 1305 -770 1101056375 893644 9836 -9666 -711 1385 -821 1068732500 893784 9848 -9685 -736 297967 0 202 -134 492 0 0 0 254011 -86076 -85925 508502 510148 19981 7 0 101516 0 0 0 0 0 0 0 0 0 0 0 0
22:05:27:11:50:32 21008 1274 -777 1118760000 893573 9832 -9659 -701 1340 -843 1076163125 893801 9845 -9698 -711 297973 0 196 -129 492 0 0 0 253615 -86091 -85943 508335 510148 19980 11 0 101515 0 0 0 0 0 0 0 0 0 0 0 0
22:05:27:11:50:34 21186 1325 -781 1096626250 893674 9835 -9680 -717 1333 -857 1071519125 893468 9843 -9699 -746 297975 0 199 -131 492 0 0 0 253226 -86083 -85957 508002 510149 19964 14 0 101515 0 0 0 0 0 0 0 0 0 0 0 0
22:05:27:11:50:35 21367 1325 -801 1095629375 893744 9836 -9662 -710 1323 -849 1064549125 893281 9844 -9698 -762 297978 0 201 -133 485 0 0 0 252879 -86107 -85969 507836 510148 19966 14 0 101515 0 0 0 0 0 0 0 0 0 0 0 0
22:05:27:11:50:36 21551 1283 -800 1103836875 893149 9823 -9659 -747 1289 -834 1088335750 893220 9834 -9691 -748 297979 0 195 -134 493 0 0 0 252574 -86049 -85961 508378 510148 19968 12 0 101515 0 0 0 0 0 0 0 0 0 0 0 0
22:05:27:11:50:38 21739 1267 -803 1101583750 892819 9823 -9663 -774 1261 -839 1106482500 893092 9835 -9688 -745 297987 0 203 -136 486 0 0 0 252267 -86092 -85959 508702 510148 19969 10 0 101515 0 0 0 0 0 0 0 0 0 0 0 0
22:05:27:11:50:39 21929 1273 -791 1096447500 892865 9828 -9657 -775 1322 -854 1080836000 893236 9841 -9683 -765 297985 0 192 -133 493 0 0 0 251985 -86056 -85958 509252 510148 19974 11 0 101515 0 0 0 0 0 0 0 0 0 0 0 0
22:05:27:11:50:41 22123 1377 -808 1065336500 893373 9842 -9675 -770 1337 -847 1077115000 893180 9841 -9676 -780 297987 0 193 -133 489 0 0 0 251711 -86118 -85952 509326 510149 19962 11 0 101514 0 0 0 0 0 0 0 0 0 0 0 0
22:05:27:11:50:42 22321 1389 -809 1056544000 893434 9852 -9678 -774 1364 -824 1078981000 893284 9841 -9679 -784 297992 0 192 -129 490 0 0 0 251432 -86124 -85960 509076 510149 19970 13 0 101514 0 0 0 0 0 0 0 0 0 0 0 0
22:05:27:11:50:43 22522 1412 -836 1064725250 893548 9844 -9670 -775 1340 -806 1070373625 893058 9849 -9686 -797 297994 0 199 -131 495 0 0 0 251127 -86063 -85940 508803 510149 19968 8 0 101515 0 0 0 0 0 0 0 0 0 0 0 0
22:05:27:11:50:45 22727 1442 -839 1034505500 893413 9858 -9684 -813 1333 -812 1062458250 892917 9848 -9673 -809 297999 0 198 -135 485 0 0 0 250832 -86103 -85986 508647 510149 19962 12 0 101514 0 0 0 0 0 0 0 0 0 0 0 0
22:05:27:11:50:46 22935 1408 -824 1053651625 893072 9838 -9689 -832 1304 -818 1068271875 892928 9836 -9664 -790 298002 0 195 -131 489 0 0 0 250598 -86124 -85971 508184 510149 19960 12 0 101514 0 0 0 0 0 0 0 0 0 0 0 0
22:05:27:11:50:47 23148 1357 -847 1064605000 892689 9824 -9680 -842 1314 -838 1069403500 892915 9843 -9675 -799 298006 0 193 -133 496 0 0 0 250367 -86093 -85978 507928 510147 19973 10 0 101514 0 0 0 0 0 0 0 0 0 0 0 0
22:05:27:11:50:49 23364 1324 -819 1070689750 892419 9828 -9672 -853 1296 -827 1062722500 892890 9847 -9688 -791 298012 0 199 -132 488 0 0 0 250170 -86171 -86013 507555 510150 19965 14 0 101514 0 0 0 0 0 0 0 0 0 0 0 0
22:05:27:11:50:50 23584 1326 -822 1065552375 892240 9836 -9671 -878 1311 -827 1055738000 892963 9845 -9679 -791 298015 0 194 -130 492 0 0 0 249994 -86115 -85990 507289 510150 19963 11 0 101514 0 0 0 0 0 0 0 0 0 0 0 0
22:05:27:11:50:52 23809 1330 -821 1055526875 892300 9838 -9675 -875 1339 -825 1054525000 892861 9848 -9677 -821 298024 0 194 -135 493 0 0 0 249850 -86023 -85896 507251 510149 19973 12 0 101514 0 0 0 0 0 0 0 0 0 0 0 0
22:05:27:11:50:53 24038 1295 -842 1071942750 892039 9830 -9678 -880 1349 -858 1049088625 892676 9851 -9675 -849 298033 0 192 -131 494 0 0 0 249769 -85998 -85884 507397 510148 19962 12 0 101514 0 0 0 0 0 0 0 0 0 0 0 0
22:05:27:11:50:54 24271 1338 -857 1058871875 892034 9828 -9680 -911 1337 -846 1054525125 892583 9847 -9674 -852 298037 0 192 -129 491 0 0 0 249648 -86025 -85897 507228 510147 19966 12 0 101514 0 0 0 0 0 0 0 0 0 0 0 0
22:05:27:11:50:56 24509 1297 -868 1063069500 891651 9828 -9673 -923 1361 -872 1040998937 892615 9844 -9668 -863 298046 0 200 -131 485 0 0 0 249569 -86027 -85899 507359 510147 19970 10 0 101513 0 0 0 0 0 0 0 0 0 0 0 0
22:05:27:11:50:57 24752 1337 -850 1043464250 891908 9841 -9668 -923 1386 -854 1026111875 892370 9848 -9660 -910 298057 0 193 -133 488 0 0 0 249312 -86034 -85906 507628 510150 19959 11 0 101513 0 0 0 0 0 0 0 0 0 0 0 0
22:05:27:11:50:59 25000 1308 -855 1058897375 891899 9835 -9659 -905 1396 -824 1021403250 892403 9841 -9669 -911 298069 0 194 -130 494 0 0 0 249238 -86104 -85937 507513 510149 19968 12 0 101513 0 0 0 0 0 0 0 0 0 0 0 0
22:05:27:11:51:00 25252 1320 -846 1051029125 891813 9831 -9666 -924 1380 -827 1034911062 892368 9831 -9664 -903 298079 0 194 -133 494 0 0 0 249143 -86047 -85919 507493 510148 19970 13 0 101513 0 0 0 0 0 0 0 0 0 0 0 0
22:05:27:11:51:02 25510 1332 -844 1058354750 891685 9842 -9680 -949 1395 -822 1027035500 892170 9829 -9656 -937 298090 0 194 -135 496 0 0 0 249049 -86065 -85938 507471 510148 19964 17 0 101516 0 0 0 0 0 0 0 0 0 0 0 0
22:05:27:11:51:03 25773 1311 -864 1060472000 891698 9844 -9681 -933 1397 -837 1016575125 891901 9847 -9665 -973 298105 0 193 -132 497 0 0 0 248928 -86067 -85929 507725 510147 19960 13 0 101515 0 0 0 0 0 0 0 0 0 0 0 0
22:05:27:11:51:05 26041 1346 -863 1043037250 891587 9848 -9672 -973 1407 -852 1005216687 891591 9845 -9653 -1017 298116 0 194 -133 491 0 0 0 248734 -86073 -85918 507990 510149 19959 11 0 101515 0 0 0 0 0 0 0 0 0 0 0 0
22:05:27:11:51:06 26315 1318 -848 1031014937 891074 9841 -9686 -1007 1434 -864 1003579500 891656 9844 -9664 -1028 298130 0 196 -132 498 0 0 0 248430 -86040 -85905 508026 510151 19955 10 0 101515 0 0 0 0 0 0 0 0 0 0 0 0
22:05:27:11:51:07 26595 1353 -845 1011838625 891048 9847 -9682 -1038 1403 -878 999283437 891423 9837 -9666 -1031 298149 0 193 -130 495 0 0 0 248154 -86013 -85908 507938 510150 19949 11 0 101514 0 0 0 0 0 0 0 0 0 0 0 0
22:05:27:11:51:09 26881 1371 -867 1001198000 890821 9840 -9679 -1080 1430 -862 997666875 891463 9843 -9668 -1047 298161 0 190 -135 497 0 0 0 247976 -86085 -85926 507958 510148 19969 10 0 101514 0 0 0 0 0 0 0 0 0 0 0 0
22:05:27:11:51:10 27173 1384 -873 994107187 890787 9840 -9683 -1095 1434 -868 996253812 891376 9841 -9669 -1061 298174 0 201 -133 491 0 0 0 247804 -86070 -85942 508202 510151 19960 15 0 101514 0 0 0 0 0 0 0 0 0 0 0 0
22:05:27:11:51:12 27472 1362 -888 996849312 890454 9820 -9698 -1112 1433 -870 1001990062 891193 9826 -9670 -1081 298191 0 198 -130 498 0 0 0 247600 -86102 -85926 508421 510148 19960 14 0 101514 0 0 0 0 0 0 0 0 0 0 0 0
22:05:27:11:51:13 27777 1343 -862 1010433125 890374 9810 -9685 -1105 1462 -861 1000289062 891272 9841 -9665 -1095 298209 0 196 -131 492 0 0 0 247305 -86082 -85933 508397 510146 19963 14 0 101516 0 0 0 0 0 0 0 0 0 0 0 0
22:05:27:11:51:14 28089 1374 -866 1010606812 890676 9804 -9690 -1093 1476 -877 989106125 890936 9846 -9677 -1149 298228 0 195 -126 495 0 0 0 246916 -86055 -85931 508300 510149 19957 11 0 101516 0 0 0 0 0 0 0 0 0 0 0 0
22:05:27:11:51:16 28409 1352 -860 1015503937 890408 9811 -9684 -1107 1441 -887 993368562 890775 9834 -9686 -1140 298240 0 197 -134 494 0 0 0 246427 -86086 -85972 508220 510148 19954 14 0 101516 0 0 0 0 0 0 0 0 0 0 0 0
22:05:27:11:51:17 28735 1329 -857 1022150437 889943 9820 -9684 -1141 1434 -901 995054250 890662 9837 -9668 -1148 298258 0 200 -129 494 0 0 0 245829 -86019 -85853 508336 510149 19961 12 0 101515 0 0 0 0 0 0 0 0 0 0 0 0
22:05:27:11:51:19 29069 1370 -856 1007385187 890074 9826 -9683 -1162 1459 -875 989667125 890615 9837 -9674 -1175 298271 0 198 -131 492 0 0 0 245138 -86029 -85866 508343 510148 19964 15 0 101516 0 0 0 0 0 0 0 0 0 0 0 0
22:05:27:11:51:20 29411 1394 -864 986679687 890128 9829 -9709 -1177 1392 -856 994278875 889810 9838 -9677 -1207 298286 0 198 -129 492 0 0 0 244426 -86043 -85864 508337 510148 19973 12 0 101516 0 0 0 0 0 0 0 0 0 0 0 0
22:05:27:11:51:22 29761 1375 -863 996753250 889629 9828 -9696 -1219 1398 -856 987025062 889696 9843 -9679 -1229 298298 0 197 -131 489 0 0 0 243567 -86011 -85861 508273 510150 19962 12 0 101516 0 0 0 0 0 0 0 0 0 0 0 0
22:05:27:11:51:23 30120 1364 -871 998105437 889472 9830 -9697 -1228 1447 -840 973015937 889799 9847 -9691 -1262 298308 0 201 -127 493 0 0 0 242808 -86019 -85873 508046 510148 19958 12 0 101516 0 0 0 0 0 0 0 0 0 0 0 0
22:05:27:11:51:25 30487 1377 -873 1000635125 889270 9819 -9680 -1264 1453 -830 981940187 889649 9831 -9677 -1286 298313 0 200 -134 498 0 0 0 242242 -85997 -85879 508104 510149 19958 12 0 101516 0 0 0 0 0 0 0 0 0 0 0 0
22:05:27:11:51:26 30864 1386 -880 995596812 889124 9820 -9690 -1291 1389 -856 1000386562 889163 9824 -9678 -1281 298320 0 197 -130 492 0 0 0 241760 -86072 -85914 508187 510149 19958 12 0 101516 0 0 0 0 0 0 0 0 0 0 0 0
22:05:27:11:51:27 31250 1348 -873 994512937 888700 9817 -9685 -1301 1430 -858 994668562 889489 9823 -9681 -1279 298322 0 201 -129 501 0 0 0 241053 -86064 -85898 508139 510149 19978 9 0 101516 0 0 0 0 0 0 0 0 0 0 0 0
22:05:27:11:51:29 31645 1356 -887 987261000 888354 9815 -9699 -1351 1470 -867 973004562 889536 9837 -9682 -1313 298320 0 200 -120 497 0 0 0 240458 -86044 -85890 507468 518451 19947 10 0 101516 0 0 0 0 0 0 0 0 0 0 0 0
22:05:27:11:51:30 32051 1346 -894 982969625 888238 9812 -9696 -1354 1408 -911 985687125 888858 9824 -9678 -1332 298318 0 205 -129 496 0 0 0 239792 -86033 -85907 507806 510218 19970 14 0 101516 0 0 0 0 0 0 0 0 0 0 0 0
22:05:27:11:51:32 32467 1336 -889 981412750 887925 9815 -9696 -1380 1409 -921 976045750 888719 9810 -9701 -1351 298316 0 196 -131 497 0 0 0 238978 -86067 -85902 508029 510148 19961 10 0 101516 0 0 0 0 0 0 0 0 0 0 0 0
22:05:27:11:51:33 32894 1334 -890 972285000 887584 9802 -9708 -1415 1403 -920 968182250 888494 9823 -9698 -1377 298312 0 197 -132 488 0 0 0 238324 -86038 -85929 508073 510147 19951 12 0 101516 0 0 0 0 0 0 0 0 0 0 0 0
22:05:27:11:51:35 33333 1355 -892 963654125 887288 9800 -9693 -1473 1389 -897 966127250 888581 9808 -9698 -1353 298306 0 201 -130 498 0 0 0 237945 -86051 -85929 507071 510150 19975 13 0 101516 0 0 0 0 0 0 0 0 0 0 0 0
22:05:27:11:51:36 33783 1324 -904 968383062 886709 9803 -9682 -1502 1343 -912 974465375 887676 9798 -9701 -1403 298301 0 199 -130 500 0 0 0 237488 -86001 -85856 506599 510148 19959 11 0 101516 0 0 0 0 0 0 0 0 0 0 0 0
22:05:27:11:51:37 34246 1310 -897 969842625 886411 9800 -9678 -1520 1376 -913 952190125 887548 9801 -9717 -1458 298291 0 199 -131 502 0 0 0 237140 -86020 -85864 506241 510149 19955 14 0 101516 0 0 0 0 0 0 0 0 0 0 0 0
22:05:27:11:51:39 34722 1370 -895 951615250 886916 9813 -9677 -1526 1363 -917 956170750 886889 9794 -9707 -1520 298282 0 197 -124 497 0 0 0 236704 -86018 -85901 505838 510149 19958 16 0 101517 0 0 0 0 0 0 0 0 0 0 0 0
22:05:27:11:51:40 35211 1407 -897 938997375 886772 9825 -9676 -1592 1353 -955 951925562 886491 9793 -9702 -1556 298270 0 202 -124 494 0 0 0 236290 -86012 -85898 505267 510147 19972 15 0 101514 0 0 0 0 0 0 0 0 0 0 0 0
22:05:27:11:51:42 35714 1394 -894 940678687 885774 9820 -9683 -1693 1368 -937 950774500 885872 9794 -9701 -1649 298253 0 198 -128 503 0 0 0 235839 -86012 -85881 504684 510149 20375 12 0 101514 0 0 0 0 0 0 0 0 0 0 0 0
22:05:27:11:51:43 36231 1465 -895 916292250 886109 9822 -9686 -1735 1391 -955 943746687 885929 9808 -9696 -1674 298239 0 200 -128 495 0 0 0 235279 -86013 -85884 503945 510149 19977 11 0 101514 0 0 0 0 0 0 0 0 0 0 0 0
22:05:27:11:51:45 36764 1442 -913 916912312 885794 9813 -9692 -1747 1398 -951 934288437 885732 9818 -9698 -1708 298220 0 198 -128 491 0 0 0 234733 -86061 -85904 503146 510147 19980 14 0 101515 0 0 0 0 0 0 0 0 0 0 0 0
22:05:27:11:51:46 37313 1447 -905 908633187 885524 9830 -9682 -1793 1391 -956 933309687 885961 9809 -9699 -1672 298200 0 196 -128 490 0 0 0 234326 -86058 -85897 502302 510148 19963 11 0 101515 0 0 0 0 0 0 0 0 0 0 0 0
22:05:27:11:51:48 37878 1423 -916 919115125 885004 9823 -9687 -1824 1368 -940 930521500 885818 9813 -9700 -1661 298178 0 194 -120 494 0 0 0 233954 -86057 -85920 501493 510150 19964 12 0 101515 0 0 0 0 0 0 0 0 0 0 0 0
22:05:27:11:51:49 38461 1473 -915 904890937 885241 9833 -9688 -1860 1395 -945 918723875 885549 9825 -9695 -1730 298155 0 194 -127 489 0 0 0 233510 -86054 -85917 500583 510148 19953 13 0 101516 0 0 0 0 0 0 0 0 0 0 0 0
22:05:27:11:51:51 39062 1477 -927 902466312 885155 9816 -9689 -1873 1406 -934 911537000 884795 9820 -9711 -1834 298132 0 199 -124 492 0 0 0 232928 -86037 -85882 499805 510148 19949 14 0 101514 0 0 0 0 0 0 0 0 0 0 0 0
22:05:27:11:51:52 39682 1516 -950 890406687 884974 9833 -9689 -1954 1402 -950 908155812 884502 9819 -9714 -1864 298103 0 195 -128 495 0 0 0 232430 -85983 -85866 499119 510149 19952 11 0 101514 0 0 0 0 0 0 0 0 0 0 0 0
22:05:27:11:51:54 40322 1502 -932 884964375 884368 9830 -9683 -2011 1386 -973 898916312 883805 9820 -9710 -1923 298076 0 188 -128 493 0 0 0 231980 -85997 -85855 498486 510148 19951 8 0 101515 0 0 0 0 0 0 0 0 0 0 0 0
22:05:27:11:51:55 40983 1519 -946 873917500 884081 9832 -9695 -2073 1413 -966 889350750 883768 9820 -9727 -1965 298044 0 198 -126 497 0 0 0 231739 -86019 -85893 497836 510150 19963 11 0 101515 0 0 0 0 0 0 0 0 0 0 0 0
22:05:27:11:51:56 41666 1478 -956 874434687 883233 9820 -9702 -2116 1451 -967 874470750 883580 9816 -9739 -2042 298014 0 198 -131 498 0 0 0 231337 -86036 -85921 497024 510148 19951 14 0 101515 0 0 0 0 0 0 0 0 0 0 0 0
22:05:27:11:51:58 42372 1485 -958 866326000 882799 9817 -9704 -2184 1458 -968 867724875 883054 9808 -9733 -2117 297979 0 193 -130 493 0 0 0 231007 -86086 -85925 496695 510149 19959 16 0 101516 0 0 0 0 0 0 0 0 0 0 0 0
22:05:27:11:51:59 43103 1455 -955 869147312 882083 9804 -9699 -2222 1471 -964 860440750 882544 9806 -9729 -2200 297951 0 199 -125 497 0 0 0 230692 -86082 -85927 496005 510149 20240 11 0 101513 0 0 0 0 0 0 0 0 0 0 0 0
22:05:27:11:52:01 43859 1476 -974 855401562 881637 9810 -9705 -2316 1500 -977 851602437 882262 9806 -9740 -2281 297913 0 198 -125 489 0 0 0 230428 -85986 -85866 495383 510149 19953 11 0 101514 0 0 0 0 0 0 0 0 0 0 0 0
22:05:27:11:52:02 44642 1485 -990 848100187 881350 9819 -9700 -2371 1516 -1015 845676812 881865 9799 -9738 -2355 297878 0 198 -132 493 0 0 0 230236 -85975 -85851 494816 510148 19962 10 0 101515 0 0 0 0 0 0 0 0 0 0 0 0
22:05:27:11:52:04 45454 1500 -1017 836471812 881021 9826 -9711 -2441 1552 -1006 834162875 881827 9811 -9738 -2418 297841 0 197 -128 498 0 0 0 229969 -86042 -85851 494412 510149 19950 6 0 101515 0 0 0 0 0 0 0 0 0 0 0 0
22:05:27:11:52:05 46296 1499 -1017 830839937 880565 9830 -9689 -2499 1513 -1028 832437875 880620 9819 -9721 -2505 297803 0 193 -134 491 0 0 0 229780 -86103 -85918 493950 510149 19951 12 0 101516 0 0 0 0 0 0 0 0 0 0 0 0
22:05:27:11:52:07 47169 1522 -1030 819934687 880090 9823 -9694 -2600 1519 -1023 822481000 880039 9811 -9709 -2592 297766 0 198 -128 486 0 0 0 229669 -86034 -85917 493476 510147 19987 13 0 101511 0 0 0 0 0 0 0 0 0 0 0 0
22:05:27:11:52:08 48076 1553 -1022 812531187 879819 9812 -9707 -2687 1532 -1023 816055500 879518 9800 -9718 -2681 297730 0 193 -129 492 0 0 0 229479 -86047 -85910 493214 510150 19963 11 0 101511 0 0 0 0 0 0 0 0 0 0 0 0
22:05:27:11:52:10 49019 1552 -1046 796205000 878967 9824 -9710 -2801 1544 -1021 809144000 879126 9807 -9699 -2757 297693 0 198 -129 490 0 0 0 229179 -86103 -85926 492472 510149 19967 14 0 101512 0 0 0 0 0 0 0 0 0 0 0 0
22:05:27:11:52:11 50000 1559 -1057 793553125 878048 9804 -9712 -2930 1512 -1054 804500500 877920 9797 -9687 -2847 297659 0 197 -128 490 0 0 0 229008 -86057 -85883 492243 510150 19972 12 0 101513 0 0 0 0 0 0 0 0 0 0 0 0
22:05:27:11:52:13 50000 1529 -1049 792688750 877073 9791 -9732 -2990 1531 -1052 796920062 877591 9804 -9688 -2932 297618 0 198 -130 485 0 0 0 228889 -86048 -85899 491892 510151 19961 14 0 101513 0 0 0 0 0 0 0 0 0 0 0 0
22:05:27:11:52:14 50505 1528 -1083 785733437 876516 9781 -9736 -3059 1481 -1060 795957562 875845 9804 -9674 -3040 297581 0 200 -127 490 0 0 0 228789 -86047 -85916 491301 510151 19952 13 0 101514 0 0 0 0 0 0 0 0 0 0 0 0
22:05:27:11:52:16 51020 1518 -1114 773097875 875989 9813 -9736 -3119 1475 -1064 794031062 875296 9792 -9677 -3099 297545 0 199 -126 493 0 0 0 228748 -86049 -85900 491167 510148 19965 12 0 101512 0 0 0 0 0 0 0 0 0 0 0 0
22:05:27:11:52:17 51546 1558 -1094 770057687 876042 9792 -9717 -3188 1529 -1043 782789187 875821 9796 -9690 -3145 297515 0 197 -130 493 0 0 0 228712 -86056 -85908 490916 510150 19992 11 0 101512 0 0 0 0 0 0 0 0 0 0 0 0
22:05:27:11:52:18 52083 1582 -1067 764202937 875753 9807 -9736 -3284 1547 -1047 772855750 875771 9800 -9704 -3194 297475 0 199 -131 489 0 0 0 228688 -86056 -85880 490238 510148 19988 12 0 101513 0 0 0 0 0 0 0 0 0 0 0 0
22:05:27:11:52:20 52631 1617 -1091 757174062 875919 9807 -9746 -3332 1549 -1054 770114500 875413 9787 -9701 -3245 297441 0 193 -134 494 0 0 0 228655 -86064 -85896 489652 510148 20014 11 0 101514 0 0 0 0 0 0 0 0 0 0 0 0
22:05:27:11:52:21 53191 1647 -1080 750078000 875896 9802 -9743 -3396 1543 -1067 767688937 874830 9796 -9711 -3315 297408 0 193 -126 488 0 0 0 228680 -86044 -85887 489021 510148 19977 13 0 101514 0 0 0 0 0 0 0 0 0 0 0 0
22:05:27:11:52:23 53763 1609 -1089 753237875 874648 9794 -9718 -3476 1531 -1089 765704687 874138 9796 -9708 -3380 297374 0 197 -131 492 0 0 0 228765 -86048 -85890 488390 510149 20352 12 0 101512 0 0 0 0 0 0 0 0 0 0 0 0
22:05:27:11:52:24 54347 1583 -1092 756014687 874029 9808 -9718 -3507 1548 -1117 758521750 873826 9800 -9720 -3462 297342 0 194 -125 491 0 0 0 228912 -86042 -85899 487848 510149 19993 12 0 101512 0 0 0 0 0 0 0 0 0 0 0 0
22:05:27:11:52:26 54945 1574 -1112 747946375 873321 9815 -9722 -3590 1550 -1092 752788125 873243 9792 -9711 -3541 297309 0 198 -128 488 0 0 0 229040 -86050 -85918 487391 510150 19976 13 0 101512 0 0 0 0 0 0 0 0 0 0 0 0
22:05:27:11:52:27 55555 1563 -1105 749613687 872604 9811 -9702 -3659 1580 -1093 746762875 873356 9793 -9723 -3596 297278 0 195 -126 488 0 0 0 229187 -86078 -85934 486956 510148 19982 13 0 101513 0 0 0 0 0 0 0 0 0 0 0 0
22:05:27:11:52:29 56179 1522 -1118 748358187 871225 9800 -9710 -3729 1617 -1081 739760375 873349 9791 -9730 -3681 297249 0 200 -125 487 0 0 0 229346 -86032 -85926 486539 510097 20000 14 0 101513 0 0 0 0 0 0 0 0 0 0 0 0
22:05:27:11:52:30 56818 1522 -1117 742138062 870349 9789 -9718 -3844 1586 -1076 737270187 872326 9787 -9732 -3741 297220 0 199 -131 494 0 0 0 229561 -86044 -85914 486166 509629 19979 14 0 101513 0 0 0 0 0 0 0 0 0 0 0 0
22:05:27:11:52:32 57471 1550 -1131 732545437 870338 9780 -9728 -3915 1580 -1116 735253437 871786 9783 -9722 -3799 297194 0 190 -131 496 0 0 0 229811 -86062 -85877 485760 510074 19977 15 0 101511 0 0 0 0 0 0 0 0 0 0 0 0
22:05:27:11:52:33 58139 1555 -1128 727423125 870206 9785 -9725 -3952 1584 -1127 729385750 871279 9786 -9727 -3881 297164 0 192 -126 499 0 0 0 230065 -86055 -85907 485404 510127 19977 15 0 101510 0 0 0 0 0 0 0 0 0 0 0 0
22:05:27:11:52:35 58823 1588 -1126 719052312 870005 9783 -9724 -4064 1562 -1145 723962312 870143 9782 -9725 -3974 297146 0 199 -124 493 0 0 0 230331 -86079 -85917 485132 510032 19963 12 0 101511 0 0 0 0 0 0 0 0 0 0 0 0
22:05:27:11:52:36 59523 1579 -1114 714636187 869065 9785 -9717 -4167 1627 -1152 711152250 870595 9805 -9734 -4084 297123 0 200 -132 494 0 0 0 230647 -86033 -85925 484938 510148 19969 14 0 101511 0 0 0 0 0 0 0 0 0 0 0 0
22:05:27:11:52:38 60240 1609 -1129 710771437 868975 9773 -9709 -4255 1608 -1139 709713375 869444 9791 -9734 -4187 297105 0 198 -133 492 0 0 0 230970 -86072 -85901 484771 510150 19991 10 0 101511 0 0 0 0 0 0 0 0 0 0 0 0
22:05:27:11:52:39 60975 1633 -1117 704258375 869072 9779 -9721 -4308 1600 -1172 707634062 868797 9791 -9714 -4257 297085 0 196 -131 488 0 0 0 231240 -86087 -85902 484511 510148 19993 10 0 101511 0 0 0 0 0 0 0 0 0 0 0 0
22:05:27:11:52:41 61728 1654 -1117 696784437 868792 9781 -9725 -4407 1609 -1160 699467625 868063 9791 -9722 -4383 297065 0 199 -127 492 0 0 0 231368 -86096 -85926 484212 510148 19968 12 0 101511 0 0 0 0 0 0 0 0 0 0 0 0
22:05:27:11:52:42 62500 1626 -1122 695800312 867814 9785 -9718 -4462 1603 -1150 695478625 867289 9785 -9740 -4471 297049 0 203 -129 490 0 0 0 231470 -86006 -85865 483931 510149 19994 11 0 101512 0 0 0 0 0 0 0 0 0 0 0 0
22:05:27:11:52:44 63291 1647 -1155 688125437 867886 9786 -9714 -4514 1574 -1131 694404312 866133 9786 -9722 -4543 297034 0 197 -129 493 0 0 0 231608 -86050 -85882 483711 510149 19966 10 0 101512 0 0 0 0 0 0 0 0 0 0 0 0
22:05:27:11:52:45 64102 1633 -1160 679642312 866524 9779 -9736 -4657 1616 -1132 684305500 866306 9787 -9735 -4641 297020 0 200 -128 487 0 0 0 231754 -86063 -85880 483562 510150 19962 10 0 101513 0 0 0 0 0 0 0 0 0 0 0 0
22:05:27:11:52:47 64935 1631 -1172 673025750 865592 9792 -9731 -4789 1646 -1156 674495500 866118 9788 -9744 -4759 297004 0 195 -129 488 0 0 0 231793 -86092 -85883 483433 510150 19967 10 0 101513 0 0 0 0 0 0 0 0 0 0 0 0
22:05:27:11:52:48 65789 1652 -1174 666955375 865339 9800 -9731 -4895 1600 -1176 670961375 864455 9779 -9738 -4834 296992 0 196 -128 495 0 0 0 231821 -86065 -85912 483328 510150 19957 12 0 101514 0 0 0 0 0 0 0 0 0 0 0 0
22:05:27:11:52:50 66666 1671 -1205 663183687 864775 9806 -9726 -5036 1622 -1171 666217937 863970 9773 -9732 -4971 296984 0 200 -129 487 0 0 0 231964 -86058 -85885 483205 510149 20003 11 0 101514 0 0 0 0 0 0 0 0 0 0 0 0
22:05:27:11:52:51 67567 1716 -1186 656724687 864771 9806 -9729 -5172 1603 -1195 664550812 862543 9768 -9722 -5103 296974 0 198 -131 492 0 0 0 232133 -86033 -85860 483090 510150 20001 10 0 101514 0 0 0 0 0 0 0 0 0 0 0 0
22:05:27:11:52:53 68493 1703 -1194 649725312 863754 9817 -9711 -5284 1664 -1198 653603375 863336 9797 -9721 -5195 296967 0 200 -132 484 0 0 0 232272 -86029 -85910 482971 510148 19987 14 0 101514 0 0 0 0 0 0 0 0 0 0 0 0
22:05:27:11:52:54 69444 1743 -1194 642768562 863625 9823 -9711 -5433 1696 -1189 645141000 863300 9796 -9731 -5308 296959 0 195 -126 489 0 0 0 232403 -86062 -85899 482975 510150 20020 14 0 101514 0 0 0 0 0 0 0 0 0 0 0 0
22:05:27:11:52:56 70422 1742 -1212 636823187 862762 9804 -9706 -5547 1659 -1190 642024312 861060 9787 -9736 -5490 296950 0 200 -128 490 0 0 0 232617 -86028 -85879 482912 510149 19962 10 0 101514 0 0 0 0 0 0 0 0 0 0 0 0
22:05:27:11:52:57 71428 1725 -1217 630169562 861227 9797 -9710 -5712 1686 -1214 633320687 860967 9797 -9740 -5609 296944 0 196 -129 493 0 0 0 232853 -86063 -85913 483075 510148 19968 13 0 101513 0 0 0 0 0 0 0 0 0 0 0 0
22:05:27:11:52:59 72463 1782 -1233 624571000 861680 9789 -9719 -5823 1673 -1222 628229625 859701 9810 -9722 -5754 296942 0 199 -123 495 0 0 0 233125 -86054 -85875 483639 510149 19971 13 0 101513 0 0 0 0 0 0 0 0 0 0 0 0
22:05:27:11:53:00 73529 1826 -1231 613864000 861422 9808 -9728 -6024 1737 -1223 619154750 859682 9795 -9731 -5972 296941 0 194 -127 488 0 0 0 233350 -86049 -85882 484019 510149 19967 12 0 101511 0 0 0 0 0 0 0 0 0 0 0 0
22:05:27:11:53:02 74626 1777 -1227 610851187 859165 9806 -9733 -6184 1739 -1223 613456875 858567 9793 -9724 -6148 296940 0 198 -125 491 0 0 0 233485 -86085 -85884 484356 510150 19975 10 0 101511 0 0 0 0 0 0 0 0 0 0 0 0
22:05:27:11:53:03 75757 1776 -1267 605379375 857982 9792 -9737 -6356 1726 -1244 608626625 857029 9778 -9740 -6316 296939 0 198 -127 492 0 0 0 233549 -86039 -85888 484682 510149 19969 10 0 101512 0 0 0 0 0 0 0 0 0 0 0 0
22:05:27:11:53:05 76923 1769 -1284 600695937 856582 9773 -9727 -6529 1752 -1267 599898250 856400 9772 -9748 -6507 296938 0 200 -125 492 0 0 0 233623 -86091 -85907 485034 510150 19971 12 0 101512 0 0 0 0 0 0 0 0 0 0 0 0
22:05:27:11:53:06 78125 1769 -1303 593890250 855824 9763 -9727 -6643 1824 -1309 592593125 856981 9773 -9754 -6678 296941 0 199 -125 493 0 0 0 233641 -86004 -85881 485454 510148 19977 13 0 101512 0 0 0 0 0 0 0 0 0 0 0 0
22:05:27:11:53:08 79365 1794 -1288 586338562 855566 9771 -9734 -6788 1791 -1323 587995687 855285 9765 -9742 -6803 296943 0 191 -128 494 0 0 0 233607 -86023 -85879 486108 510149 19971 12 0 101512 0 0 0 0 0 0 0 0 0 0 0 0
22:05:27:11:53:09 80645 1777 -1296 580251062 853324 9777 -9733 -7059 1762 -1333 585318437 853023 9762 -9736 -7019 296951 0 203 -130 493 0 0 0 233486 -86014 -85882 486151 510149 19981 14 0 101512 0 0 0 0 0 0 0 0 0 0 0 0
22:05:27:11:53:11 81967 1785 -1301 574931500 852545 9776 -9720 -7217 1778 -1343 580003750 852826 9761 -9712 -7123 296951 0 195 -127 494 0 0 0 233335 -86072 -85886 485859 510151 19988 11 0 101511 0 0 0 0 0 0 0 0 0 0 0 0
22:05:27:11:53:12 83333 1786 -1330 568653750 851226 9769 -9720 -7416 1767 -1366 572837312 851444 9769 -9720 -7296 296954 0 197 -130 493 0 0 0 233214 -86002 -85866 485455 510151 19975 13 0 101511 0 0 0 0 0 0 0 0 0 0 0 0
22:05:27:11:53:14 84745 1785 -1323 564272312 849795 9765 -9716 -7627 1816 -1352 563367625 851117 9781 -9707 -7565 296954 0 194 -132 489 0 0 0 233166 -85990 -85863 485388 510148 19982 11 0 101511 0 0 0 0 0 0 0 0 0 0 0 0
22:05:27:11:53:16 86206 1770 -1327 560120437 847926 9762 -9699 -7838 1816 -1359 557255562 849370 9779 -9698 -7835 296954 0 205 -129 492 0 0 0 233478 -86039 -85886 485097 510148 19975 12 0 101513 0 0 0 0 0 0 0 0 0 0 0 0
22:05:27:11:53:17 87719 1811 -1342 547390000 847385 9781 -9716 -8124 1831 -1366 549763687 847536 9772 -9704 -8186 296956 0 202 -131 491 0 0 0 233880 -85992 -85861 484899 510149 19960 13 0 101511 0 0 0 0 0 0 0 0 0 0 0 0
22:05:27:11:53:19 89285 1793 -1352 540698375 845341 9783 -9721 -8349 1821 -1378 544061187 846277 9772 -9717 -8334 296955 0 201 -130 479 0 0 0 234292 -86037 -85869 485046 510149 19955 11 0 101511 0 0 0 0 0 0 0 0 0 0 0 0
22:05:27:11:53:20 90909 1817 -1365 535330812 844212 9775 -9715 -8639 1814 -1386 538392875 843851 9766 -9717 -8666 296956 0 198 -131 489 0 0 0 234725 -86027 -85862 485281 510149 19958 8 0 101511 0 0 0 0 0 0 0 0 0 0 0 0
22:05:27:11:53:22 92592 1803 -1378 529844187 842073 9770 -9717 -8886 1890 -1396 528773875 844415 9772 -9723 -8936 296958 0 199 -130 491 0 0 0 235178 -86057 -85880 485677 510149 19962 11 0 101511 0 0 0 0 0 0 0 0 0 0 0 0
22:05:27:11:53:23 94339 1828 -1393 521576281 841263 9769 -9732 -9142 1897 -1395 521160781 842933 9777 -9726 -9220 296956 0 198 -126 490 0 0 0 235590 -86019 -85865 485651 510149 19966 15 0 101511 0 0 0 0 0 0 0 0 0 0 0 0
22:05:27:11:53:25 96153 1869 -1408 513298531 842785 9785 -9708 -9109 1890 -1392 515626843 841906 9775 -9715 -9349 296955 0 202 -121 497 0 0 0 235995 -85994 -85870 485533 510149 19964 13 0 101512 0 0 0 0 0 0 0 0 0 0 0 0
22:05:27:11:53:26 98039 1891 -1402 506479062 839587 9790 -9711 -9753 1908 -1400 508606031 841378 9779 -9712 -9534 296953 0 205 -125 496 0 0 0 236378 -86008 -85821 485935 510150 19985 12 0 101512 0 0 0 0 0 0 0 0 0 0 0 0
22:05:27:11:53:28 100000 1924 -1416 494650250 836851 9784 -9710 -10376 1964 -1424 497828312 841998 9793 -9696 -9714 296952 0 207 -116 494 0 0 0 236707 -85984 -85822 486779 510150 20029 12 0 101512 0 0 0 0 0 0 0 0 0 0 0 0
22:05:27:11:53:30 100000 1910 -1438 489441781 835394 9780 -9729 -10524 2028 -1424 486692406 841293 9797 -9707 -10170 296952 0 208 -124 493 0 0 0 237015 -86057 -85875 487469 510147 19994 11 0 101511 0 0 0 0 0 0 0 0 0 0 0 0
