

#mb 22:05:27:10:19:17 (start time)
#id 347252 (device id)
#ta 7221 (tia amplification, tia input channel, signal range, dsp mode)
#1t 2f [3vi_ma 4vi_mi 5mag 6pha 7vv_ma 8vv_mi 9cor][10vi_ma 11vi_mi 12mag 13pha 14vv_ma 15vv_mi 16cor][17t_pcb 18t_ther][19,20,21mag][22,23,24acc][25,26,27ext(t,light,hum)][28dv1 29dv2 30rf 31tr 32sp 33pr 34sm 35st 36lght 37empt 38empt 39empt 40empt 41empt 42empt 43empt 44empt 45empt]
22:05:27:10:19:18 4496 1285 -719 1237143625 895580 9887 -9691 -490 1321 -682 1162374875 897957 9890 -9720 -231 265184 0 231 -273 1276 0 0 0 233555 -82330 -81668 510148 510161 19980 7 0 101517 0 0 0 0 0 0 0 0 0 0 0 0
22:05:27:10:19:19 4595 1291 -730 1218590250 896826 9879 -9700 -351 1283 -703 1180625500 897808 9887 -9718 -240 265209 0 227 -274 1279 0 0 0 233363 -87158 -86990 510148 510162 19981 10 0 101520 0 0 0 0 0 0 0 0 0 0 0 0
22:05:27:10:19:21 4699 1200 -728 1256483000 897287 9872 -9711 -287 1223 -733 1219843000 898034 9878 -9704 -208 265229 0 234 -270 1276 0 0 0 232737 -87270 -87105 510148 510161 19938 12 0 101519 0 0 0 0 0 0 0 0 0 0 0 0
22:05:27:10:19:22 4807 1178 -734 1261311625 897579 9867 -9710 -251 1243 -729 1212437375 897975 9868 -9700 -217 265247 0 230 -275 1275 0 0 0 232262 -87286 -87147 510147 510163 19946 13 0 101519 0 0 0 0 0 0 0 0 0 0 0 0
22:05:27:10:19:24 4901 1194 -712 1257675875 897468 9859 -9694 -264 1277 -756 1204839125 897752 9874 -9691 -249 265261 0 238 -278 1269 0 0 0 232338 -87330 -87160 510148 510161 19933 13 0 101518 0 0 0 0 0 0 0 0 0 0 0 0
22:05:27:10:19:25 5000 1134 -699 1288890625 896816 9855 -9679 -305 1246 -756 1209477500 897769 9873 -9699 -241 265274 0 228 -273 1275 0 0 0 232130 -87358 -87195 510146 510162 20251 10 0 101518 0 0 0 0 0 0 0 0 0 0 0 0
22:05:27:10:19:27 5102 1112 -696 1291622250 897535 9856 -9698 -235 1244 -748 1235809375 898129 9862 -9701 -201 265282 0 228 -272 1285 0 0 0 232018 -87403 -87203 510147 510162 20123 12 0 101518 0 0 0 0 0 0 0 0 0 0 0 0
22:05:27:10:19:28 5208 1140 -716 1287803625 897776 9864 -9691 -216 1206 -725 1250508000 897904 9855 -9693 -216 265287 0 236 -270 1272 0 0 0 232039 -87388 -87213 510146 510162 20096 13 0 101518 0 0 0 0 0 0 0 0 0 0 0 0
22:05:27:10:19:30 5296 1110 -697 1299518000 898063 9860 -9680 -185 1182 -735 1259569375 898147 9841 -9697 -188 265291 0 233 -272 1273 0 0 0 231907 -87363 -87191 510147 510163 20125 9 0 101518 0 0 0 0 0 0 0 0 0 0 0 0
22:05:27:10:19:31 5411 1138 -700 1269229750 897824 9869 -9693 -215 1220 -719 1233088375 898122 9854 -9722 -197 265293 0 236 -275 1274 0 0 0 231637 -87404 -87207 510147 510160 20127 9 0 101517 0 0 0 0 0 0 0 0 0 0 0 0
22:05:27:10:19:32 5506 1182 -714 1261238125 897851 9856 -9712 -219 1216 -719 1226883375 897773 9840 -9739 -232 265295 0 228 -272 1275 0 0 0 231737 -87385 -87210 510149 510161 20049 11 0 101518 0 0 0 0 0 0 0 0 0 0 0 0
22:05:27:10:19:34 5605 1195 -700 1232001625 898373 9852 -9728 -166 1213 -715 1233002375 897644 9836 -9728 -244 265298 0 232 -274 1278 0 0 0 231872 -87423 -87230 510145 510162 20115 11 0 101517 0 0 0 0 0 0 0 0 0 0 0 0
22:05:27:10:19:35 5707 1179 -713 1243777375 898246 9839 -9721 -176 1174 -708 1259400750 897225 9828 -9730 -275 265299 0 233 -273 1274 0 0 0 231800 -87395 -87233 510148 510162 20225 13 0 101517 0 0 0 0 0 0 0 0 0 0 0 0
22:05:27:10:19:36 5787 1186 -719 1221712875 897429 9844 -9720 -262 1176 -720 1245967625 897293 9831 -9723 -270 265297 0 230 -272 1282 0 0 0 231691 -87408 -87251 510148 510161 20210 13 0 101517 0 0 0 0 0 0 0 0 0 0 0 0
22:05:27:10:19:38 5896 1217 -705 1198711750 897341 9829 -9739 -278 1193 -722 1212412000 897546 9834 -9742 -248 265295 0 229 -273 1271 0 0 0 231904 -87471 -87265 510148 510163 20064 14 0 101518 0 0 0 0 0 0 0 0 0 0 0 0
22:05:27:10:19:39 6009 1180 -708 1218442250 897226 9821 -9748 -280 1202 -728 1202831500 897539 9834 -9748 -251 265294 0 235 -273 1272 0 0 0 232016 -87441 -87253 510144 510162 20187 10 0 101518 0 0 0 0 0 0 0 0 0 0 0 0
22:05:27:10:19:40 6097 1236 -703 1183998375 897339 9814 -9755 -280 1191 -723 1208012000 897210 9841 -9731 -283 265292 0 229 -279 1272 0 0 0 232269 -87473 -87263 510145 510162 25021 10 0 101518 0 0 0 0 0 0 0 0 0 0 0 0
22:05:27:10:19:42 6188 1209 -717 1213161625 897469 9793 -9749 -261 1189 -710 1218712500 897242 9816 -9748 -279 265290 0 238 -273 1272 0 0 0 232354 -87420 -87263 510148 510163 19933 10 0 101518 0 0 0 0 0 0 0 0 0 0 0 0
22:05:27:10:19:43 6313 1131 -733 1261395875 897847 9778 -9742 -213 1189 -694 1201146500 897498 9828 -9741 -253 265286 0 233 -274 1265 0 0 0 232460 -87465 -87290 510147 510162 19936 14 0 101518 0 0 0 0 0 0 0 0 0 0 0 0
22:05:27:10:19:44 6410 1111 -714 1268726125 897545 9787 -9744 -235 1196 -718 1200187250 897287 9820 -9754 -277 265281 0 231 -275 1277 0 0 0 232675 -87463 -87296 510147 510163 19918 13 0 101518 0 0 0 0 0 0 0 0 0 0 0 0
22:05:27:10:19:46 6510 1140 -717 1264824125 897274 9783 -9765 -268 1216 -709 1185500375 897345 9812 -9750 -275 265279 0 231 -273 1266 0 0 0 232730 -87474 -87282 510127 510162 19930 10 0 101518 0 0 0 0 0 0 0 0 0 0 0 0
22:05:27:10:19:47 6613 1153 -735 1242069250 896920 9776 -9772 -306 1232 -701 1182329250 897433 9813 -9761 -269 265274 0 230 -274 1274 0 0 0 232894 -87483 -87301 510083 510163 19926 11 0 101519 0 0 0 0 0 0 0 0 0 0 0 0
22:05:27:10:19:48 6684 1121 -741 1255220750 897001 9775 -9763 -289 1220 -729 1207750750 897169 9791 -9773 -293 265270 0 233 -273 1282 0 0 0 233046 -87492 -87299 506993 510161 19927 12 0 101519 0 0 0 0 0 0 0 0 0 0 0 0
22:05:27:10:19:49 6793 1105 -728 1269293750 896769 9775 -9746 -305 1201 -713 1228009500 896650 9785 -9762 -340 265269 0 234 -276 1277 0 0 0 233187 -87529 -87331 507891 510160 19924 14 0 101519 0 0 0 0 0 0 0 0 0 0 0 0
22:05:27:10:19:51 6906 1131 -746 1247936125 896802 9780 -9754 -309 1183 -706 1246264750 896573 9781 -9749 -343 265267 0 231 -275 1273 0 0 0 233411 -87521 -87329 510131 510161 19931 13 0 101520 0 0 0 0 0 0 0 0 0 0 0 0
22:05:27:10:19:52 6983 1116 -727 1248893500 896834 9778 -9750 -301 1140 -707 1259972375 896117 9773 -9741 -371 265267 0 228 -275 1274 0 0 0 233648 -87496 -87314 510148 510162 19935 11 0 101520 0 0 0 0 0 0 0 0 0 0 0 0
22:05:27:10:19:53 7102 1134 -725 1241523000 897555 9784 -9750 -234 1129 -701 1260250625 896527 9768 -9741 -331 265265 0 227 -274 1270 0 0 0 233943 -87509 -87313 510106 510163 19937 11 0 101521 0 0 0 0 0 0 0 0 0 0 0 0
22:05:27:10:19:54 7183 1149 -706 1247753750 897372 9781 -9747 -256 1131 -715 1242244125 896873 9774 -9740 -299 265265 0 226 -276 1277 0 0 0 234133 -87488 -87322 510148 510161 19929 14 0 101521 0 0 0 0 0 0 0 0 0 0 0 0
22:05:27:10:19:56 7309 1166 -701 1228139000 896772 9783 -9764 -322 1132 -698 1254344125 897517 9774 -9749 -237 265267 0 235 -277 1274 0 0 0 234201 -87502 -87312 510148 510164 19934 8 0 101521 0 0 0 0 0 0 0 0 0 0 0 0
22:05:27:10:19:57 7396 1185 -678 1225542625 896697 9781 -9761 -334 1129 -698 1255354625 897107 9773 -9750 -276 265265 0 234 -275 1276 0 0 0 234234 -87472 -87329 509917 510162 19936 10 0 101522 0 0 0 0 0 0 0 0 0 0 0 0
22:05:27:10:19:58 7485 1155 -702 1232249250 896919 9782 -9763 -305 1122 -697 1251564875 896800 9774 -9765 -304 265265 0 229 -273 1281 0 0 0 234202 -87543 -87358 509903 510164 19921 15 0 101522 0 0 0 0 0 0 0 0 0 0 0 0
22:05:27:10:19:59 7621 1189 -711 1202082500 896628 9794 -9778 -346 1122 -696 1254857375 896706 9783 -9747 -314 265261 0 229 -271 1282 0 0 0 233984 -87510 -87324 509750 510162 19921 12 0 101522 0 0 0 0 0 0 0 0 0 0 0 0
22:05:27:10:20:01 7716 1188 -721 1195968375 896282 9798 -9766 -379 1175 -718 1227369000 896514 9781 -9753 -350 265257 0 232 -275 1273 0 0 0 233857 -87538 -87349 509861 510162 19925 13 0 101522 0 0 0 0 0 0 0 0 0 0 0 0
22:05:27:10:20:02 7812 1183 -714 1206409750 896311 9795 -9753 -374 1169 -702 1222258875 896346 9788 -9750 -365 265255 0 224 -271 1277 0 0 0 233840 -87520 -87345 510149 510164 19934 12 0 101522 0 0 0 0 0 0 0 0 0 0 0 0
22:05:27:10:20:03 7911 1136 -700 1220862375 896032 9793 -9756 -383 1119 -685 1254494125 896269 9787 -9728 -356 265250 0 228 -268 1275 0 0 0 233658 -87522 -87345 510148 510162 19913 13 0 101522 0 0 0 0 0 0 0 0 0 0 0 0
22:05:27:10:20:04 8012 1127 -716 1223788875 896335 9787 -9746 -352 1120 -667 1243615750 896272 9784 -9728 -356 265242 0 231 -272 1274 0 0 0 233781 -87544 -87359 510148 510163 19936 12 0 101522 0 0 0 0 0 0 0 0 0 0 0 0
22:05:27:10:20:05 8116 1157 -695 1208053125 896527 9801 -9753 -342 1106 -669 1237797500 896608 9772 -9727 -320 265234 0 229 -273 1277 0 0 0 233634 -87571 -87358 510148 510163 19939 10 0 101519 0 0 0 0 0 0 0 0 0 0 0 0
22:05:27:10:20:07 8223 1156 -697 1198273250 896254 9808 -9748 -369 1162 -647 1213400000 896420 9783 -9731 -357 265224 0 227 -274 1282 0 0 0 233371 -87520 -87365 510148 510162 19973 13 0 101520 0 0 0 0 0 0 0 0 0 0 0 0
22:05:27:10:20:08 8278 1147 -720 1198617125 895998 9813 -9736 -391 1155 -650 1202948500 896209 9798 -9719 -375 265213 0 231 -272 1270 0 0 0 233086 -87504 -87360 510148 508876 19946 14 0 101520 0 0 0 0 0 0 0 0 0 0 0 0
22:05:27:10:20:09 8389 1173 -754 1175429500 896026 9801 -9745 -397 1170 -665 1194711125 896789 9797 -9731 -320 265200 0 228 -271 1271 0 0 0 233072 -87560 -87368 510149 510140 19925 12 0 101521 0 0 0 0 0 0 0 0 0 0 0 0
22:05:27:10:20:10 8503 1177 -735 1183623500 895919 9803 -9747 -410 1166 -678 1189527500 896095 9795 -9747 -387 265188 0 235 -276 1271 0 0 0 232989 -87517 -87368 510149 510162 19946 13 0 101521 0 0 0 0 0 0 0 0 0 0 0 0
22:05:27:10:20:11 8620 1129 -717 1220773000 896278 9785 -9735 -361 1140 -660 1214501000 895987 9789 -9744 -389 265175 0 228 -275 1271 0 0 0 232913 -87533 -87375 510148 510161 19962 12 0 101521 0 0 0 0 0 0 0 0 0 0 0 0
22:05:27:10:20:12 8680 1096 -699 1240413375 895841 9786 -9736 -388 1170 -684 1196973250 896068 9793 -9738 -391 265168 0 221 -268 1279 0 0 0 232683 -87581 -87385 510119 510162 21596 12 0 101521 0 0 0 0 0 0 0 0 0 0 0 0
22:05:27:10:20:14 8802 1054 -696 1273906875 895417 9782 -9725 -408 1145 -686 1198570875 895030 9791 -9740 -479 265157 0 229 -272 1275 0 0 0 232527 -87605 -87367 510148 510162 21138 9 0 101521 0 0 0 0 0 0 0 0 0 0 0 0
22:05:27:10:20:15 8928 1099 -704 1237404875 895010 9793 -9736 -469 1129 -690 1214694375 894712 9781 -9731 -503 265148 0 228 -272 1278 0 0 0 232252 -87567 -87379 510147 510163 21320 12 0 101522 0 0 0 0 0 0 0 0 0 0 0 0
22:05:27:10:20:16 8992 1059 -695 1249125625 893923 9793 -9717 -541 1120 -705 1231202125 895660 9790 -9724 -412 265141 0 227 -275 1276 0 0 0 232418 -87560 -87375 510150 510163 20900 11 0 101522 0 0 0 0 0 0 0 0 0 0 0 0
22:05:27:10:20:17 9124 1080 -691 1235014625 893944 9797 -9705 -553 1072 -703 1267262875 895657 9784 -9713 -395 265134 0 227 -273 1274 0 0 0 232842 -87578 -87391 510148 510161 21188 12 0 101522 0 0 0 0 0 0 0 0 0 0 0 0
22:05:27:10:20:18 9191 1086 -679 1230638750 894317 9795 -9709 -523 1078 -725 1248295750 895873 9777 -9714 -378 265132 0 229 -273 1278 0 0 0 233204 -87584 -87406 510148 510162 21278 14 0 101523 0 0 0 0 0 0 0 0 0 0 0 0
22:05:27:10:20:19 9328 1039 -685 1249443125 894673 9780 -9709 -472 1085 -718 1234261375 895717 9786 -9712 -396 265130 0 224 -274 1273 0 0 0 233440 -87607 -87404 510149 510165 23057 13 0 101523 0 0 0 0 0 0 0 0 0 0 0 0
22:05:27:10:20:21 9398 1086 -695 1219180250 895058 9786 -9708 -455 1105 -708 1226074750 895578 9792 -9713 -417 265125 0 229 -276 1277 0 0 0 233581 -87603 -87412 510150 510162 20674 10 0 101523 0 0 0 0 0 0 0 0 0 0 0 0
22:05:27:10:20:22 9469 1145 -729 1210854375 895708 9803 -9731 -410 1181 -723 1187310500 895986 9811 -9731 -399 265122 0 222 -276 1283 0 0 0 233749 -87347 -87174 510148 510162 20835 14 0 101523 0 0 0 0 0 0 0 0 0 0 0 0
22:05:27:10:20:23 9615 1166 -713 1209079625 896017 9809 -9741 -388 1208 -714 1179491750 896218 9818 -9738 -385 265119 0 225 -271 1281 0 0 0 233915 -87326 -87160 510040 510162 21059 12 0 101523 0 0 0 0 0 0 0 0 0 0 0 0
22:05:27:10:20:25 9689 1198 -696 1202819625 896363 9805 -9740 -364 1256 -733 1199006000 896684 9816 -9733 -348 265119 0 226 -274 1280 0 0 0 233934 -87367 -87177 510032 510164 22587 10 0 101524 0 0 0 0 0 0 0 0 0 0 0 0
22:05:27:10:20:26 9765 1197 -703 1219392625 896657 9806 -9725 -336 1246 -747 1199208000 896538 9810 -9731 -362 265118 0 226 -272 1279 0 0 0 234067 -87345 -87173 510024 510162 19927 11 0 101524 0 0 0 0 0 0 0 0 0 0 0 0
22:05:27:10:20:27 9920 1182 -691 1233804375 896779 9810 -9729 -321 1292 -750 1190164875 896481 9815 -9751 -385 265120 0 225 -279 1282 0 0 0 234325 -87391 -87207 510028 510162 19928 11 0 101524 0 0 0 0 0 0 0 0 0 0 0 0
22:05:27:10:20:29 10000 1205 -716 1214217625 896665 9807 -9730 -341 1274 -730 1189592875 896611 9817 -9752 -367 265124 0 228 -269 1285 0 0 0 234622 -87375 -87216 510044 510163 19936 13 0 101524 0 0 0 0 0 0 0 0 0 0 0 0
22:05:27:10:20:30 10080 1187 -722 1235375125 896663 9797 -9726 -336 1309 -740 1174536375 896888 9823 -9766 -345 265126 0 225 -275 1280 0 0 0 234942 -87343 -87183 509986 510163 19951 10 0 101524 0 0 0 0 0 0 0 0 0 0 0 0
22:05:27:10:20:32 10204 1159 -719 1255123000 896766 9786 -9723 -319 1319 -741 1167524375 897066 9822 -9774 -328 265126 0 228 -277 1277 0 0 0 235115 -87383 -87213 508696 510163 19987 12 0 101524 0 0 0 0 0 0 0 0 0 0 0 0
22:05:27:10:20:33 10288 1199 -711 1217735000 896788 9802 -9736 -328 1284 -736 1183431750 896972 9813 -9771 -330 265131 0 226 -274 1275 0 0 0 235277 -87367 -87206 508427 510161 19935 14 0 101524 0 0 0 0 0 0 0 0 0 0 0 0
22:05:27:10:20:35 10416 1218 -701 1201358375 896474 9799 -9735 -368 1243 -734 1200571000 897078 9807 -9764 -309 265135 0 229 -273 1282 0 0 0 235373 -87393 -87235 509147 510164 19942 13 0 101524 0 0 0 0 0 0 0 0 0 0 0 0
22:05:27:10:20:36 10504 1237 -693 1183327750 896359 9803 -9740 -386 1257 -734 1183877500 896887 9811 -9756 -334 265138 0 233 -270 1282 0 0 0 235586 -87406 -87220 509263 510163 19944 12 0 101524 0 0 0 0 0 0 0 0 0 0 0 0
22:05:27:10:20:37 10593 1203 -697 1206114875 896589 9800 -9726 -353 1266 -737 1191839625 897257 9815 -9736 -296 265144 0 231 -285 1280 0 0 0 235625 -87419 -87238 509322 510165 19935 9 0 101523 0 0 0 0 0 0 0 0 0 0 0 0
22:05:27:10:20:39 10683 1201 -700 1241531625 896888 9792 -9715 -320 1261 -755 1190160500 896984 9813 -9721 -324 265146 0 266 -283 1277 0 0 0 235208 -87397 -87236 509350 510164 19944 14 0 101523 0 0 0 0 0 0 0 0 0 0 0 0
22:05:27:10:20:40 10822 1208 -715 1221180000 897348 9793 -9702 -274 1221 -725 1204391500 896512 9819 -9715 -360 265147 0 267 -289 1277 0 0 0 234967 -87438 -87246 509743 510161 19943 14 0 101523 0 0 0 0 0 0 0 0 0 0 0 0
22:05:27:10:20:42 10917 1179 -709 1256236500 897446 9788 -9707 -257 1223 -734 1193384000 896273 9825 -9716 -387 265148 0 267 -290 1286 0 0 0 234464 -87429 -87215 509745 510162 19945 11 0 101523 0 0 0 0 0 0 0 0 0 0 0 0
22:05:27:10:20:43 11013 1189 -728 1236211250 897225 9798 -9706 -283 1217 -771 1190053875 896467 9830 -9717 -366 265150 0 269 -295 1277 0 0 0 234358 -87451 -87245 510093 510162 19944 12 0 101523 0 0 0 0 0 0 0 0 0 0 0 0
22:05:27:10:20:44 11111 1179 -716 1225400000 896850 9805 -9714 -317 1268 -781 1170226250 896437 9833 -9719 -386 265154 0 270 -294 1274 0 0 0 234412 -87418 -87238 510148 510163 19953 11 0 101523 0 0 0 0 0 0 0 0 0 0 0 0
22:05:27:10:20:46 11210 1198 -724 1208335250 896471 9810 -9716 -363 1280 -782 1184059250 896441 9816 -9719 -389 265152 0 269 -287 1275 0 0 0 234576 -87420 -87257 510147 510162 19959 11 0 101524 0 0 0 0 0 0 0 0 0 0 0 0
22:05:27:10:20:47 11312 1148 -724 1231653500 896490 9800 -9707 -345 1250 -763 1197304625 896631 9801 -9709 -360 265156 0 267 -286 1273 0 0 0 234804 -87407 -87243 510146 510161 19991 14 0 101523 0 0 0 0 0 0 0 0 0 0 0 0
22:05:27:10:20:48 11415 1137 -721 1228296500 896492 9802 -9697 -341 1245 -784 1190453375 896679 9807 -9703 -354 265157 0 267 -286 1278 0 0 0 235256 -87443 -87255 510146 510164 19959 11 0 101524 0 0 0 0 0 0 0 0 0 0 0 0
22:05:27:10:20:50 11520 1196 -736 1197558000 896385 9811 -9695 -371 1245 -763 1184220250 896365 9817 -9702 -387 265160 0 275 -287 1272 0 0 0 235659 -87420 -87273 510138 510161 19922 12 0 101523 0 0 0 0 0 0 0 0 0 0 0 0
22:05:27:10:20:51 11574 1160 -732 1222048000 896348 9804 -9697 -363 1187 -739 1202521500 896272 9800 -9692 -377 265161 0 267 -290 1286 0 0 0 235809 -87473 -87268 510121 510163 19969 11 0 101523 0 0 0 0 0 0 0 0 0 0 0 0
22:05:27:10:20:53 11682 1130 -737 1248501000 895951 9795 -9693 -389 1198 -731 1187488250 896307 9797 -9695 -377 265162 0 269 -292 1276 0 0 0 235751 -87443 -87260 510119 510162 19903 10 0 101523 0 0 0 0 0 0 0 0 0 0 0 0
22:05:27:10:20:54 11792 1163 -752 1229316875 896230 9803 -9695 -371 1203 -720 1202355875 896390 9799 -9701 -370 265162 0 266 -287 1279 0 0 0 235873 -87456 -87265 510142 510164 19952 11 0 101523 0 0 0 0 0 0 0 0 0 0 0 0
22:05:27:10:20:55 11904 1115 -734 1269933250 896178 9789 -9691 -361 1212 -729 1203790000 896552 9792 -9697 -355 265168 0 265 -288 1276 0 0 0 235819 -87456 -87297 510138 510163 19973 14 0 101523 0 0 0 0 0 0 0 0 0 0 0 0
22:05:27:10:20:57 12019 1147 -752 1226183250 896521 9798 -9677 -336 1238 -720 1187095625 896194 9787 -9681 -403 265172 0 270 -286 1271 0 0 0 236067 -87444 -87262 510148 510163 19958 13 0 101523 0 0 0 0 0 0 0 0 0 0 0 0
22:05:27:10:20:58 12077 1206 -750 1186156625 896399 9806 -9699 -369 1250 -708 1174721375 896015 9797 -9684 -426 265177 0 266 -291 1274 0 0 0 236151 -87395 -87221 510148 510162 23198 10 0 101523 0 0 0 0 0 0 0 0 0 0 0 0
22:05:27:10:20:59 12195 1206 -740 1192365625 896409 9807 -9701 -369 1216 -699 1184285125 895791 9804 -9688 -437 265187 0 266 -288 1279 0 0 0 236360 -87464 -87245 510149 510164 19957 12 0 101523 0 0 0 0 0 0 0 0 0 0 0 0
22:05:27:10:21:01 12315 1161 -740 1198025875 895694 9789 -9701 -419 1201 -710 1191975750 895976 9803 -9705 -413 265197 0 270 -288 1275 0 0 0 236366 -87421 -87265 510148 510162 19990 12 0 101522 0 0 0 0 0 0 0 0 0 0 0 0
22:05:27:10:21:02 12376 1161 -754 1213326750 895800 9789 -9700 -411 1225 -713 1176794875 896022 9810 -9705 -416 265205 0 265 -291 1273 0 0 0 236358 -87409 -87263 510149 510162 19939 12 0 101522 0 0 0 0 0 0 0 0 0 0 0 0
22:05:27:10:21:03 12500 1169 -774 1202394875 896095 9801 -9706 -385 1198 -726 1186181250 895882 9801 -9704 -420 265212 0 270 -285 1271 0 0 0 236548 -87444 -87286 510148 511351 19932 14 0 101522 0 0 0 0 0 0 0 0 0 0 0 0
22:05:27:10:21:04 12626 1148 -744 1221440875 895894 9798 -9705 -398 1176 -716 1192568000 896037 9798 -9703 -398 265223 0 265 -296 1272 0 0 0 236690 -87467 -87294 510149 510167 19939 14 0 101522 0 0 0 0 0 0 0 0 0 0 0 0
22:05:27:10:21:06 12690 1142 -747 1208417250 895831 9810 -9699 -404 1186 -728 1188146625 895783 9795 -9690 -427 265230 0 266 -288 1272 0 0 0 237047 -87442 -87275 510149 510164 19930 15 0 101522 0 0 0 0 0 0 0 0 0 0 0 0
22:05:27:10:21:07 12820 1123 -723 1223271250 895651 9800 -9690 -414 1217 -718 1179783875 895708 9812 -9689 -448 265241 0 268 -296 1274 0 0 0 237462 -87438 -87287 510149 510163 19927 12 0 101522 0 0 0 0 0 0 0 0 0 0 0 0
22:05:27:10:21:08 12886 1042 -755 1281652500 895701 9787 -9664 -381 1227 -714 1171538875 895904 9815 -9687 -430 265251 0 266 -295 1274 0 0 0 237435 -87447 -87253 510150 510163 19939 11 0 101522 0 0 0 0 0 0 0 0 0 0 0 0
22:05:27:10:21:10 13020 1076 -787 1259952750 895410 9799 -9676 -423 1196 -704 1183847000 895879 9812 -9678 -422 265264 0 273 -292 1273 0 0 0 237841 -87446 -87251 510148 510164 19931 12 0 101522 0 0 0 0 0 0 0 0 0 0 0 0
22:05:27:10:21:11 13089 1130 -772 1228237000 895483 9796 -9665 -436 1196 -716 1184870000 895730 9814 -9689 -437 265277 0 268 -293 1283 0 0 0 237541 -87460 -87274 510148 510165 19967 12 0 101521 0 0 0 0 0 0 0 0 0 0 0 0
22:05:27:10:21:12 13227 1163 -771 1205162375 895679 9795 -9666 -428 1221 -712 1163704500 895798 9821 -9702 -439 265295 0 269 -295 1283 0 0 0 237406 -87457 -87282 510150 510162 19946 11 0 101521 0 0 0 0 0 0 0 0 0 0 0 0
22:05:27:10:21:13 13297 1170 -736 1204031125 895974 9804 -9676 -401 1244 -722 1158547500 895764 9818 -9706 -451 265313 0 268 -293 1275 0 0 0 237366 -87456 -87259 510148 510163 19954 13 0 101521 0 0 0 0 0 0 0 0 0 0 0 0
22:05:27:10:21:15 13368 1205 -736 1193135000 895950 9814 -9688 -417 1278 -723 1135801125 895925 9815 -9713 -444 265334 0 262 -291 1284 0 0 0 237507 -87439 -87295 510148 510162 19948 16 0 101521 0 0 0 0 0 0 0 0 0 0 0 0
22:05:27:10:21:16 13513 1150 -731 1202334000 895627 9807 -9683 -426 1321 -720 1126682875 895976 9823 -9707 -454 265353 0 266 -287 1282 0 0 0 237457 -87467 -87309 510148 510163 19959 13 0 101521 0 0 0 0 0 0 0 0 0 0 0 0
22:05:27:10:21:17 13586 1129 -716 1212750000 895607 9802 -9675 -421 1269 -713 1147448875 895580 9823 -9715 -475 265375 0 267 -286 1280 0 0 0 237513 -87439 -87293 510119 510163 19959 11 0 101523 0 0 0 0 0 0 0 0 0 0 0 0
22:05:27:10:21:19 13736 1098 -714 1217274125 895116 9798 -9674 -453 1262 -718 1155174750 895531 9821 -9716 -479 265400 0 265 -289 1276 0 0 0 237796 -87483 -87299 510147 510165 19976 12 0 101523 0 0 0 0 0 0 0 0 0 0 0 0
22:05:27:10:21:20 13812 1146 -747 1195762875 895299 9792 -9690 -455 1194 -710 1187361250 895356 9804 -9698 -469 265428 0 265 -288 1277 0 0 0 237848 -87474 -87286 509535 510162 19979 11 0 101523 0 0 0 0 0 0 0 0 0 0 0 0
22:05:27:10:21:21 13888 1113 -724 1222058000 895167 9792 -9707 -455 1156 -734 1220243750 895513 9789 -9694 -440 265457 0 262 -292 1275 0 0 0 237308 -87468 -87294 505114 510163 19962 13 0 101523 0 0 0 0 0 0 0 0 0 0 0 0
22:05:27:10:21:22 13966 1110 -726 1221019625 894760 9796 -9700 -493 1206 -735 1187381125 895515 9803 -9710 -460 265489 0 265 -291 1274 0 0 0 236891 -87438 -87271 507651 510163 19937 10 0 101522 0 0 0 0 0 0 0 0 0 0 0 0
22:05:27:10:21:24 14124 1113 -719 1241457250 895139 9798 -9700 -459 1242 -731 1183982000 895824 9814 -9708 -440 265526 0 266 -293 1278 0 0 0 236409 -87300 -87104 509235 510164 19957 8 0 101522 0 0 0 0 0 0 0 0 0 0 0 0
22:05:27:10:21:25 14204 1206 -735 1195033500 895521 9810 -9710 -453 1244 -736 1167997000 895736 9812 -9716 -451 265562 0 267 -287 1276 0 0 0 235683 -87314 -87124 509610 510162 19971 13 0 101522 0 0 0 0 0 0 0 0 0 0 0 0
22:05:27:10:21:27 14285 1212 -758 1195885750 895495 9819 -9708 -461 1240 -738 1166277250 895709 9807 -9716 -453 265604 0 268 -296 1279 0 0 0 235172 -87280 -87139 509971 510163 19995 14 0 101521 0 0 0 0 0 0 0 0 0 0 0 0
22:05:27:10:21:28 14367 1204 -751 1213564375 895563 9820 -9691 -453 1215 -766 1188591625 895461 9803 -9704 -469 265639 0 267 -293 1279 0 0 0 234295 -87328 -87144 510149 510161 19972 11 0 101523 0 0 0 0 0 0 0 0 0 0 0 0
22:05:27:10:21:29 14534 1205 -762 1201897125 895542 9817 -9703 -457 1247 -756 1191086250 895427 9806 -9692 -486 265675 0 267 -286 1279 0 0 0 233448 -87308 -87150 510149 510164 19971 14 0 101523 0 0 0 0 0 0 0 0 0 0 0 0
22:05:27:10:21:31 14619 1177 -760 1204386750 895683 9814 -9701 -433 1283 -760 1169794125 895487 9811 -9705 -494 265711 0 262 -290 1278 0 0 0 232875 -87319 -87125 510148 510164 19970 12 0 101522 0 0 0 0 0 0 0 0 0 0 0 0
22:05:27:10:21:32 14705 1220 -764 1185920250 895618 9826 -9698 -457 1302 -773 1175062625 895507 9809 -9717 -499 265750 0 271 -287 1283 0 0 0 232350 -87337 -87145 510148 510162 19928 12 0 101522 0 0 0 0 0 0 0 0 0 0 0 0
22:05:27:10:21:34 14792 1227 -779 1191697125 895525 9830 -9694 -470 1312 -779 1158212875 895701 9814 -9709 -481 265789 0 271 -289 1272 0 0 0 231926 -87359 -87164 510147 510162 19936 14 0 101521 0 0 0 0 0 0 0 0 0 0 0 0
22:05:27:10:21:35 14880 1202 -763 1195363875 895420 9828 -9683 -471 1286 -761 1161077125 895753 9813 -9707 -466 265823 0 269 -287 1268 0 0 0 231213 -87368 -87167 510148 510162 19932 11 0 101521 0 0 0 0 0 0 0 0 0 0 0 0
22:05:27:10:21:37 14970 1258 -748 1183819000 895585 9834 -9685 -474 1230 -735 1173763500 895634 9812 -9715 -458 265864 0 269 -286 1272 0 0 0 230762 -87336 -87163 510148 510163 19952 13 0 101521 0 0 0 0 0 0 0 0 0 0 0 0
22:05:27:10:21:38 15060 1284 -772 1162049500 895489 9839 -9699 -495 1239 -748 1173740875 895613 9815 -9726 -464 265904 0 271 -286 1282 0 0 0 230315 -87353 -87196 510149 510163 19967 15 0 101523 0 0 0 0 0 0 0 0 0 0 0 0
22:05:27:10:21:40 15243 1265 -765 1167511000 895328 9834 -9692 -505 1203 -747 1193051250 895452 9807 -9709 -466 265944 0 268 -289 1268 0 0 0 229992 -87347 -87155 510146 510160 19936 13 0 101523 0 0 0 0 0 0 0 0 0 0 0 0
22:05:27:10:21:41 15337 1286 -752 1165028250 895285 9831 -9698 -519 1185 -768 1204536625 895325 9807 -9683 -472 265986 0 265 -291 1280 0 0 0 229662 -87376 -87167 510148 510162 20010 13 0 101522 0 0 0 0 0 0 0 0 0 0 0 0
22:05:27:10:21:42 15432 1295 -765 1140265750 895425 9844 -9715 -508 1211 -786 1183019750 895426 9817 -9694 -472 266030 0 268 -296 1274 0 0 0 229685 -87376 -87176 510147 510161 19946 11 0 101522 0 0 0 0 0 0 0 0 0 0 0 0
22:05:27:10:21:44 15527 1290 -774 1142213375 895345 9841 -9696 -515 1257 -775 1167981375 895535 9825 -9702 -478 266070 0 271 -288 1272 0 0 0 229714 -87375 -87171 510149 510162 19971 14 0 101521 0 0 0 0 0 0 0 0 0 0 0 0
22:05:27:10:21:45 15625 1263 -759 1167365625 895495 9832 -9688 -488 1221 -775 1186063750 895423 9819 -9693 -476 266110 0 266 -285 1282 0 0 0 229363 -87370 -87165 509447 510161 19959 12 0 101523 0 0 0 0 0 0 0 0 0 0 0 0
22:05:27:10:21:47 15723 1215 -758 1184871125 895668 9820 -9702 -453 1254 -801 1153845750 895353 9820 -9710 -498 266149 0 270 -292 1272 0 0 0 228906 -87356 -87160 509552 510162 19952 12 0 101523 0 0 0 0 0 0 0 0 0 0 0 0
22:05:27:10:21:48 15822 1203 -739 1180687875 895410 9815 -9692 -473 1241 -776 1161289375 895475 9821 -9688 -480 266192 0 270 -291 1276 0 0 0 228720 -87354 -87184 510147 510161 19945 13 0 101523 0 0 0 0 0 0 0 0 0 0 0 0
22:05:27:10:21:49 15923 1197 -749 1188969125 895201 9817 -9695 -492 1202 -780 1188180500 895387 9816 -9673 -473 266235 0 268 -291 1279 0 0 0 228425 -87358 -87182 509427 510162 19948 15 0 101522 0 0 0 0 0 0 0 0 0 0 0 0
22:05:27:10:21:51 16025 1194 -775 1179942125 895101 9822 -9701 -501 1217 -793 1174389500 895559 9818 -9686 -461 266280 0 269 -291 1273 0 0 0 228306 -87349 -87179 509770 510162 19969 16 0 101522 0 0 0 0 0 0 0 0 0 0 0 0
22:05:27:10:21:52 16129 1266 -777 1146173375 895233 9828 -9707 -515 1232 -807 1162666250 895298 9814 -9695 -496 266323 0 268 -288 1275 0 0 0 228027 -87344 -87151 508969 510165 19956 12 0 101521 0 0 0 0 0 0 0 0 0 0 0 0
22:05:27:10:21:54 16233 1188 -771 1184404625 894853 9817 -9690 -516 1265 -801 1144692875 895290 9817 -9693 -510 266367 0 272 -291 1277 0 0 0 227811 -87307 -87161 509264 510162 19952 11 0 101523 0 0 0 0 0 0 0 0 0 0 0 0
22:05:27:10:21:55 16339 1172 -752 1196713750 894814 9808 -9688 -515 1286 -790 1141702625 895270 9823 -9686 -521 266410 0 268 -291 1269 0 0 0 227617 -87329 -87156 509667 510162 19959 14 0 101522 0 0 0 0 0 0 0 0 0 0 0 0
22:05:27:10:21:56 16447 1220 -764 1174182500 894955 9808 -9691 -521 1275 -765 1140335375 895169 9824 -9704 -527 266452 0 267 -290 1273 0 0 0 227439 -87351 -87156 509555 510163 19955 11 0 101521 0 0 0 0 0 0 0 0 0 0 0 0
22:05:27:10:21:58 16556 1191 -768 1184042250 894660 9808 -9676 -539 1283 -752 1132294375 894993 9814 -9694 -550 266496 0 268 -291 1277 0 0 0 227610 -87335 -87142 510132 510162 19950 10 0 101520 0 0 0 0 0 0 0 0 0 0 0 0
22:05:27:10:21:59 16666 1166 -769 1200756000 894427 9793 -9670 -550 1316 -748 1116728750 895133 9822 -9711 -547 266539 0 262 -283 1270 0 0 0 227562 -87374 -87146 510061 510161 19948 8 0 101525 0 0 0 0 0 0 0 0 0 0 0 0
22:05:27:10:22:01 16778 1162 -772 1199972125 894473 9806 -9664 -546 1312 -777 1119963750 895345 9823 -9703 -523 266586 0 269 -289 1276 0 0 0 227757 -87341 -87194 510089 510162 22881 16 0 101525 0 0 0 0 0 0 0 0 0 0 0 0
22:05:27:10:22:02 16891 1206 -769 1162730250 894748 9816 -9661 -537 1304 -776 1125497750 895336 9823 -9680 -520 266631 0 271 -292 1279 0 0 0 227618 -87383 -87183 510142 510162 19933 14 0 101524 0 0 0 0 0 0 0 0 0 0 0 0
22:05:27:10:22:03 17006 1202 -767 1161275250 894567 9822 -9659 -555 1297 -758 1142457375 895280 9808 -9672 -523 266676 0 271 -289 1274 0 0 0 227202 -87340 -87177 510146 510163 19927 11 0 101523 0 0 0 0 0 0 0 0 0 0 0 0
22:05:27:10:22:05 17123 1225 -768 1167203250 894904 9818 -9658 -530 1295 -770 1143906000 895130 9816 -9686 -539 266718 0 272 -293 1275 0 0 0 226831 -87385 -87186 510132 510162 19926 14 0 101524 0 0 0 0 0 0 0 0 0 0 0 0
22:05:27:10:22:06 17241 1211 -784 1180033875 894889 9820 -9651 -527 1265 -751 1142017000 894697 9809 -9672 -571 266761 0 272 -288 1281 0 0 0 226685 -87373 -87187 510080 510162 19957 13 0 101523 0 0 0 0 0 0 0 0 0 0 0 0
22:05:27:10:22:07 17361 1224 -763 1178679000 895033 9813 -9650 -518 1272 -740 1146078750 894680 9819 -9686 -577 266806 0 270 -290 1277 0 0 0 226462 -87392 -87184 508735 510163 19946 15 0 101523 0 0 0 0 0 0 0 0 0 0 0 0
22:05:27:10:22:09 17482 1196 -777 1184027375 894728 9812 -9661 -536 1288 -766 1135851500 894630 9824 -9688 -591 266853 0 271 -291 1266 0 0 0 226415 -87324 -87170 508078 510161 19956 13 0 101522 0 0 0 0 0 0 0 0 0 0 0 0
22:05:27:10:22:10 17605 1224 -766 1162857875 894721 9811 -9663 -550 1317 -777 1117892250 894703 9819 -9679 -596 266897 0 265 -292 1274 0 0 0 226064 -87317 -87181 506056 510163 19978 12 0 101524 0 0 0 0 0 0 0 0 0 0 0 0
22:05:27:10:22:11 17730 1235 -762 1166671125 894970 9804 -9679 -529 1291 -763 1124262750 894511 9815 -9673 -605 266940 0 270 -292 1271 0 0 0 225251 -87372 -87171 505232 510160 19993 12 0 101523 0 0 0 0 0 0 0 0 0 0 0 0
22:05:27:10:22:13 17857 1297 -774 1125227250 894994 9825 -9692 -554 1230 -759 1148933500 894229 9817 -9659 -603 266981 0 269 -288 1281 0 0 0 224533 -87357 -87161 504941 510161 19957 10 0 101523 0 0 0 0 0 0 0 0 0 0 0 0
22:05:27:10:22:14 17985 1266 -758 1137178875 894792 9815 -9680 -562 1239 -747 1137907000 894490 9820 -9653 -581 267023 0 271 -292 1273 0 0 0 223999 -87389 -87177 505083 510160 20075 11 0 101523 0 0 0 0 0 0 0 0 0 0 0 0
22:05:27:10:22:15 18115 1279 -779 1123781250 894649 9827 -9678 -585 1279 -747 1123944500 894677 9831 -9654 -579 267066 0 266 -288 1275 0 0 0 223556 -87383 -87197 504289 510159 20085 14 0 101522 0 0 0 0 0 0 0 0 0 0 0 0
22:05:27:10:22:17 18248 1290 -777 1118429125 894517 9817 -9671 -605 1323 -757 1105726750 894738 9834 -9659 -594 267102 0 274 -291 1279 0 0 0 223220 -87387 -87173 504814 510160 20045 11 0 101524 0 0 0 0 0 0 0 0 0 0 0 0
22:05:27:10:22:18 18382 1334 -764 1101053000 894633 9825 -9677 -612 1298 -769 1123515375 894740 9830 -9668 -583 267141 0 270 -289 1282 0 0 0 222981 -87354 -87186 504822 510124 20093 14 0 101524 0 0 0 0 0 0 0 0 0 0 0 0
22:05:27:10:22:19 18518 1308 -780 1108999625 894407 9821 -9658 -624 1264 -773 1140686500 894568 9819 -9659 -585 267183 0 270 -289 1277 0 0 0 222598 -87357 -87165 504827 510159 20035 11 0 101523 0 0 0 0 0 0 0 0 0 0 0 0
22:05:27:10:22:21 18656 1308 -759 1106639250 894492 9819 -9667 -615 1244 -781 1139291875 894690 9834 -9654 -565 267219 0 267 -285 1277 0 0 0 222429 -87362 -87166 505166 510121 20050 14 0 101522 0 0 0 0 0 0 0 0 0 0 0 0
22:05:27:10:22:22 18796 1299 -757 1106002250 894450 9825 -9668 -617 1267 -772 1134577125 894684 9831 -9653 -576 267257 0 274 -291 1272 0 0 0 222197 -87353 -87144 505406 510147 20029 12 0 101524 0 0 0 0 0 0 0 0 0 0 0 0
22:05:27:10:22:23 18939 1279 -767 1121311000 894370 9821 -9677 -615 1279 -761 1134034500 894734 9825 -9662 -576 267303 0 267 -291 1277 0 0 0 221872 -87255 -87037 506183 510147 20018 13 0 101523 0 0 0 0 0 0 0 0 0 0 0 0
22:05:27:10:22:25 19083 1260 -793 1122346625 894310 9823 -9671 -613 1342 -755 1110438125 894860 9830 -9670 -589 267342 0 271 -289 1276 0 0 0 221659 -87242 -87051 506386 510151 19960 13 0 101522 0 0 0 0 0 0 0 0 0 0 0 0
22:05:27:10:22:26 19230 1231 -791 1147618875 894173 9818 -9683 -613 1346 -777 1110002375 894663 9833 -9675 -614 267385 0 266 -285 1273 0 0 0 221347 -87271 -87065 506512 510140 19949 14 0 101522 0 0 0 0 0 0 0 0 0 0 0 0
22:05:27:10:22:28 19379 1255 -801 1137581375 894095 9825 -9675 -634 1340 -781 1108503000 894507 9844 -9696 -630 267428 0 267 -289 1270 0 0 0 220860 -87230 -87030 506559 510137 19952 13 0 101524 0 0 0 0 0 0 0 0 0 0 0 0
22:05:27:10:22:29 19531 1265 -787 1131041875 894118 9829 -9673 -637 1288 -776 1122030875 894293 9833 -9692 -627 267471 0 270 -295 1268 0 0 0 220532 -87244 -87048 507081 510145 19980 14 0 101523 0 0 0 0 0 0 0 0 0 0 0 0
22:05:27:10:22:31 19685 1254 -801 1128479875 894061 9837 -9681 -638 1284 -783 1128959125 894338 9836 -9685 -622 267506 0 269 -289 1274 0 0 0 220428 -87272 -87087 506893 510156 19965 13 0 101522 0 0 0 0 0 0 0 0 0 0 0 0
22:05:27:10:22:32 19841 1235 -810 1135910375 893974 9833 -9664 -637 1306 -789 1114625375 894189 9837 -9681 -650 267547 0 264 -285 1278 0 0 0 220215 -87298 -87086 506618 510162 19995 12 0 101521 0 0 0 0 0 0 0 0 0 0 0 0
22:05:27:10:22:34 20000 1242 -813 1130589625 893827 9835 -9665 -657 1319 -805 1100672500 894037 9848 -9682 -675 267584 0 268 -292 1268 0 0 0 220183 -87276 -87108 506321 510160 19955 14 0 101520 0 0 0 0 0 0 0 0 0 0 0 0
22:05:27:10:22:35 20161 1289 -800 1124028500 893967 9840 -9671 -666 1302 -805 1107455500 893988 9841 -9696 -672 267624 0 263 -296 1271 0 0 0 220259 -87289 -87112 505821 510159 20011 12 0 101522 0 0 0 0 0 0 0 0 0 0 0 0
22:05:27:10:22:37 20325 1305 -781 1118968500 893881 9836 -9684 -684 1267 -802 1129569500 893812 9822 -9679 -670 267658 0 266 -293 1278 0 0 0 220338 -87276 -87075 505909 510161 19951 12 0 101521 0 0 0 0 0 0 0 0 0 0 0 0
22:05:27:10:22:38 20491 1292 -779 1132267500 893772 9823 -9698 -688 1289 -801 1117312125 893702 9832 -9685 -696 267695 0 268 -288 1276 0 0 0 220476 -87280 -87103 506124 510160 19935 15 0 101520 0 0 0 0 0 0 0 0 0 0 0 0
22:05:27:10:22:39 20661 1291 -795 1133074000 893801 9824 -9694 -685 1329 -812 1099090250 893590 9834 -9685 -731 267732 0 263 -287 1280 0 0 0 220713 -87289 -87068 505810 510141 19949 10 0 101519 0 0 0 0 0 0 0 0 0 0 0 0
22:05:27:10:22:41 20833 1293 -804 1109123375 893892 9830 -9694 -676 1272 -820 1124963375 893706 9826 -9685 -688 267769 0 267 -286 1272 0 0 0 220786 -87283 -87064 505371 510162 19950 11 0 101519 0 0 0 0 0 0 0 0 0 0 0 0
22:05:27:10:22:42 21008 1317 -808 1095940000 893810 9832 -9691 -699 1316 -801 1110393375 893764 9830 -9685 -704 267809 0 264 -290 1273 0 0 0 220977 -87257 -87077 503631 510147 19945 12 0 101524 0 0 0 0 0 0 0 0 0 0 0 0
22:05:27:10:22:44 21186 1292 -795 1094875750 893450 9834 -9678 -724 1322 -797 1090905750 893671 9852 -9700 -719 267848 0 265 -288 1273 0 0 0 221340 -87252 -87081 503533 510164 19928 12 0 101524 0 0 0 0 0 0 0 0 0 0 0 0
22:05:27:10:22:45 21367 1326 -800 1082541000 893740 9837 -9691 -709 1309 -786 1105435375 893696 9844 -9686 -709 267890 0 272 -289 1277 0 0 0 221686 -87236 -87087 504583 510155 19931 13 0 101523 0 0 0 0 0 0 0 0 0 0 0 0
22:05:27:10:22:46 21551 1221 -781 1134066500 893006 9824 -9675 -714 1301 -785 1109725125 893250 9834 -9668 -753 267931 0 271 -294 1271 0 0 0 222200 -87318 -87098 505158 510153 19942 12 0 101523 0 0 0 0 0 0 0 0 0 0 0 0
22:05:27:10:22:48 21739 1236 -784 1126124125 892639 9824 -9688 -768 1320 -785 1098511750 893136 9836 -9678 -777 267967 0 268 -287 1275 0 0 0 222757 -87304 -87093 505571 510154 19938 11 0 101525 0 0 0 0 0 0 0 0 0 0 0 0
22:05:27:10:22:49 21929 1238 -779 1109475500 892719 9824 -9683 -764 1359 -804 1085596500 893390 9837 -9686 -769 268005 0 270 -289 1277 0 0 0 223164 -87310 -87100 505268 510151 19940 11 0 101525 0 0 0 0 0 0 0 0 0 0 0 0
22:05:27:10:22:51 22123 1208 -812 1117844375 892589 9819 -9674 -760 1296 -805 1118662500 893032 9828 -9689 -769 268047 0 267 -293 1275 0 0 0 223958 -87273 -87099 505633 510161 19941 13 0 101525 0 0 0 0 0 0 0 0 0 0 0 0
22:05:27:10:22:52 22321 1256 -807 1095485625 892698 9821 -9672 -780 1304 -795 1108563125 892922 9831 -9670 -787 268087 0 271 -289 1264 0 0 0 224731 -87270 -87086 505917 510154 19960 15 0 101524 0 0 0 0 0 0 0 0 0 0 0 0
22:05:27:10:22:53 22522 1268 -795 1082577125 892864 9837 -9676 -772 1310 -786 1094469375 893049 9837 -9674 -778 268130 0 269 -241 1262 0 0 0 225427 -87314 -87095 506825 510162 19931 14 0 101524 0 0 0 0 0 0 0 0 0 0 0 0
22:05:27:10:22:55 22727 1290 -802 1073328375 892931 9841 -9685 -779 1293 -778 1109919500 892992 9828 -9667 -775 268175 0 239 -236 1261 0 0 0 226071 -87279 -87107 506713 510161 19948 13 0 101526 0 0 0 0 0 0 0 0 0 0 0 0
22:05:27:10:22:56 22935 1280 -803 1080241000 892966 9825 -9694 -769 1257 -820 1111314750 892844 9817 -9670 -768 268216 0 250 -244 1268 0 0 0 226699 -87291 -87102 506669 510161 19940 13 0 101525 0 0 0 0 0 0 0 0 0 0 0 0
22:05:27:10:22:58 23148 1255 -800 1090905750 892617 9825 -9676 -790 1257 -820 1100483250 892954 9814 -9662 -756 268258 0 248 -243 1264 0 0 0 227018 -87302 -87101 506876 510163 20100 14 0 101524 0 0 0 0 0 0 0 0 0 0 0 0
22:05:27:10:22:59 23364 1278 -812 1091430250 892825 9819 -9680 -782 1218 -835 1110883875 892639 9811 -9643 -763 268305 0 253 -234 1265 0 0 0 227343 -87285 -87100 507071 510161 19988 13 0 101524 0 0 0 0 0 0 0 0 0 0 0 0
22:05:27:10:23:00 23584 1307 -798 1084456125 892804 9822 -9668 -804 1213 -840 1104929125 892372 9810 -9642 -789 268348 0 249 -235 1267 0 0 0 227741 -87276 -87109 507482 510161 20041 12 0 101523 0 0 0 0 0 0 0 0 0 0 0 0
22:05:27:10:23:02 23809 1325 -817 1072599250 892625 9842 -9673 -838 1266 -840 1081746250 892369 9829 -9655 -827 268396 0 249 -234 1264 0 0 0 227912 -87237 -87020 508176 510160 19957 11 0 101523 0 0 0 0 0 0 0 0 0 0 0 0
22:05:27:10:23:03 24038 1320 -849 1080851125 892623 9836 -9672 -835 1321 -821 1059834500 892492 9843 -9675 -849 268447 0 248 -233 1264 0 0 0 228198 -87186 -87010 508658 510162 19943 13 0 101524 0 0 0 0 0 0 0 0 0 0 0 0
22:05:27:10:23:05 24271 1288 -845 1089050375 892424 9836 -9680 -836 1323 -854 1069597000 892451 9846 -9682 -856 268500 0 253 -233 1263 0 0 0 228510 -87191 -87024 509162 510162 19942 12 0 101524 0 0 0 0 0 0 0 0 0 0 0 0
22:05:27:10:23:06 24509 1315 -835 1079778500 892452 9836 -9683 -850 1351 -820 1046526750 892468 9850 -9683 -873 268555 0 254 -237 1262 0 0 0 229165 -87193 -87017 509773 510163 19959 10 0 101523 0 0 0 0 0 0 0 0 0 0 0 0
22:05:27:10:23:08 24752 1284 -831 1095744500 892193 9836 -9669 -857 1358 -828 1042836312 892371 9847 -9684 -889 268608 0 248 -235 1261 0 0 0 229720 -87205 -87023 509918 510160 20001 13 0 101525 0 0 0 0 0 0 0 0 0 0 0 0
22:05:27:10:23:09 25000 1252 -819 1106649250 891776 9831 -9664 -878 1303 -828 1066470375 891957 9836 -9670 -894 268669 0 247 -232 1262 0 0 0 229856 -87217 -87047 509982 510161 19964 15 0 101524 0 0 0 0 0 0 0 0 0 0 0 0
22:05:27:10:23:10 25252 1235 -819 1108697750 891322 9828 -9665 -913 1337 -820 1054683750 892214 9832 -9688 -887 268723 0 255 -237 1261 0 0 0 230301 -87247 -87048 509350 510161 19941 13 0 101523 0 0 0 0 0 0 0 0 0 0 0 0
22:05:27:10:23:12 25510 1262 -834 1087640750 891451 9832 -9676 -921 1301 -844 1061677250 891727 9829 -9690 -916 268780 0 250 -236 1267 0 0 0 230495 -87253 -87047 508648 510163 19988 13 0 101525 0 0 0 0 0 0 0 0 0 0 0 0
22:05:27:10:23:13 25773 1248 -821 1085188000 891296 9824 -9669 -927 1358 -868 1042552687 891939 9837 -9688 -932 268839 0 251 -236 1262 0 0 0 230900 -87206 -87013 508791 510161 20076 11 0 101524 0 0 0 0 0 0 0 0 0 0 0 0
22:05:27:10:23:15 26041 1257 -812 1078192250 891210 9832 -9670 -946 1325 -884 1050714000 891655 9824 -9686 -941 268901 0 247 -250 1251 0 0 0 231580 -87219 -87028 509128 510162 26003 12 0 101523 0 0 0 0 0 0 0 0 0 0 0 0
22:05:27:10:23:16 26315 1289 -821 1072116500 891265 9835 -9689 -964 1294 -879 1056201375 891384 9824 -9684 -949 268961 0 266 -251 1258 0 0 0 232180 -87211 -87042 509934 510162 20312 15 0 101522 0 0 0 0 0 0 0 0 0 0 0 0
22:05:27:10:23:18 26595 1258 -843 1077031250 891019 9826 -9682 -966 1309 -876 1060630000 891313 9805 -9679 -968 269023 0 257 -250 1258 0 0 0 232549 -87223 -87045 510140 510161 21816 12 0 101524 0 0 0 0 0 0 0 0 0 0 0 0
22:05:27:10:23:19 26881 1324 -843 1053658375 891085 9827 -9690 -1009 1271 -883 1063915625 890785 9805 -9686 -995 269085 0 254 -250 1259 0 0 0 232867 -87211 -87028 510087 510163 21444 11 0 101522 0 0 0 0 0 0 0 0 0 0 0 0
22:05:27:10:23:20 27173 1356 -832 1037292000 890981 9831 -9688 -1048 1254 -873 1067346625 890442 9801 -9688 -1018 269146 0 262 -251 1261 0 0 0 233341 -87228 -87051 509936 510164 21287 14 0 101521 0 0 0 0 0 0 0 0 0 0 0 0
22:05:27:10:23:22 27472 1323 -860 1040586562 890839 9825 -9670 -1037 1286 -855 1051416375 890624 9808 -9678 -1026 269211 0 257 -254 1258 0 0 0 233845 -87224 -87029 509857 510163 21786 11 0 101520 0 0 0 0 0 0 0 0 0 0 0 0
22:05:27:10:23:23 27777 1321 -856 1042403000 890875 9820 -9697 -1031 1251 -845 1053683500 890204 9808 -9670 -1042 269278 0 262 -254 1257 0 0 0 234113 -87239 -87056 509931 510150 21328 15 0 101522 0 0 0 0 0 0 0 0 0 0 0 0
22:05:27:10:23:25 28089 1263 -858 1059971750 890147 9816 -9688 -1057 1276 -850 1042510625 890531 9814 -9679 -1028 269338 0 257 -251 1259 0 0 0 234428 -87206 -87063 510044 510092 20912 11 0 101521 0 0 0 0 0 0 0 0 0 0 0 0
22:05:27:10:23:26 28409 1254 -848 1052876250 889904 9809 -9685 -1077 1317 -873 1028229937 890785 9821 -9685 -1033 269401 0 261 -252 1257 0 0 0 235043 -87219 -87042 509931 510068 21263 7 0 101521 0 0 0 0 0 0 0 0 0 0 0 0
22:05:27:10:23:27 28735 1253 -865 1047629625 889553 9814 -9676 -1116 1374 -846 1008869687 891089 9827 -9691 -1042 269470 0 261 -253 1253 0 0 0 235712 -87158 -86968 510082 509972 20866 12 0 101525 0 0 0 0 0 0 0 0 0 0 0 0
