

#mb 22:05:26:16:04:26 (start time)
#id 347252 (device id)
#ta 0000 (tia amplification, tia input channel, signal range, dsp mode)
#1t 2f [3vi_ma 4vi_mi 5mag 6pha 7vv_ma 8vv_mi 9cor][10vi_ma 11vi_mi 12mag 13pha 14vv_ma 15vv_mi 16cor][17t_pcb 18t_ther][19,20,21mag][22,23,24acc][25,26,27ext(t,light,hum)][28dv1 29dv2 30rf 31tr 32sp 33pr 34sm 35st 36lght 37empt 38empt 39empt 40empt 41empt 42empt 43empt 44empt 45empt]
22:05:26:16:04:27 0 0 0 0 0 0 0 0 0 0 0 0 0 0 0 265561 0 -46 -521 1236 0 0 0 298333 0 0 551809 505177 19916 -1828 0 101523 0 0 0 0 0 0 0 0 0 0 0 0
22:05:26:16:04:28 0 0 0 0 0 0 0 0 0 0 0 0 0 0 0 266041 0 -46 -522 1241 0 0 0 298515 0 0 551690 505639 19922 -9754 0 101522 0 0 0 0 0 0 0 0 0 0 0 0
22:05:26:16:04:28 0 0 0 0 0 0 0 0 0 0 0 0 0 0 0 266515 0 -45 -525 1238 0 0 0 298740 0 0 551657 505427 19927 -9884 0 101526 0 0 0 0 0 0 0 0 0 0 0 0
22:05:26:16:04:29 0 0 0 0 0 0 0 0 0 0 0 0 0 0 0 266984 0 -50 -517 1243 0 0 0 299291 0 0 551618 505183 19922 -9896 0 101525 0 0 0 0 0 0 0 0 0 0 0 0
22:05:26:16:04:30 0 0 0 0 0 0 0 0 0 0 0 0 0 0 0 267449 0 -49 -520 1243 0 0 0 300274 0 0 551633 505012 19927 -9900 0 101524 0 0 0 0 0 0 0 0 0 0 0 0
22:05:26:16:04:30 0 0 0 0 0 0 0 0 0 0 0 0 0 0 0 267907 0 -46 -516 1247 0 0 0 301311 0 0 551638 504851 19924 -9903 0 101523 0 0 0 0 0 0 0 0 0 0 0 0
22:05:26:16:04:31 0 0 0 0 0 0 0 0 0 0 0 0 0 0 0 268366 0 -43 -514 1250 0 0 0 302019 0 0 551575 504695 19925 -9903 0 101521 0 0 0 0 0 0 0 0 0 0 0 0
22:05:26:16:04:32 0 0 0 0 0 0 0 0 0 0 0 0 0 0 0 268818 0 -45 -520 1242 0 0 0 302617 0 0 551596 504563 19924 -9903 0 101526 0 0 0 0 0 0 0 0 0 0 0 0
22:05:26:16:04:33 0 0 0 0 0 0 0 0 0 0 0 0 0 0 0 269267 0 -44 -515 1234 0 0 0 303176 0 0 551585 504432 19923 -9905 0 101524 0 0 0 0 0 0 0 0 0 0 0 0
22:05:26:16:04:33 0 0 0 0 0 0 0 0 0 0 0 0 0 0 0 269713 0 -45 -514 1243 0 0 0 303747 0 0 551603 504345 19927 -9904 0 101523 0 0 0 0 0 0 0 0 0 0 0 0
22:05:26:16:04:34 0 0 0 0 0 0 0 0 0 0 0 0 0 0 0 270151 0 -41 -514 1248 0 0 0 304470 0 0 551643 504264 19931 -9906 0 101521 0 0 0 0 0 0 0 0 0 0 0 0
22:05:26:16:04:35 0 0 0 0 0 0 0 0 0 0 0 0 0 0 0 270589 0 -41 -517 1239 0 0 0 305134 0 0 551605 504228 19932 -9905 0 101523 0 0 0 0 0 0 0 0 0 0 0 0
22:05:26:16:04:35 0 0 0 0 0 0 0 0 0 0 0 0 0 0 0 271024 0 -43 -518 1242 0 0 0 305822 0 0 551593 504227 19931 -9902 0 101522 0 0 0 0 0 0 0 0 0 0 0 0
22:05:26:16:04:36 0 0 0 0 0 0 0 0 0 0 0 0 0 0 0 271455 0 -48 -517 1241 0 0 0 306143 0 0 551615 504198 19931 -9904 0 101523 0 0 0 0 0 0 0 0 0 0 0 0
22:05:26:16:04:37 0 0 0 0 0 0 0 0 0 0 0 0 0 0 0 271883 0 -43 -516 1242 0 0 0 306461 0 0 551552 504206 19933 -9903 0 101525 0 0 0 0 0 0 0 0 0 0 0 0
22:05:26:16:04:37 0 0 0 0 0 0 0 0 0 0 0 0 0 0 0 272305 0 -45 -521 1239 0 0 0 306952 0 0 551542 504269 19938 -9901 0 101523 0 0 0 0 0 0 0 0 0 0 0 0
22:05:26:16:04:38 0 0 0 0 0 0 0 0 0 0 0 0 0 0 0 272728 0 -42 -521 1237 0 0 0 307434 0 0 551533 504395 19931 -9901 0 101522 0 0 0 0 0 0 0 0 0 0 0 0
22:05:26:16:04:39 0 0 0 0 0 0 0 0 0 0 0 0 0 0 0 273150 0 -43 -522 1242 0 0 0 308730 0 0 551531 504489 19932 -9906 0 101523 0 0 0 0 0 0 0 0 0 0 0 0
22:05:26:16:04:40 0 0 0 0 0 0 0 0 0 0 0 0 0 0 0 273574 0 -41 -520 1237 0 0 0 309815 0 0 551553 504643 19932 -9906 0 101525 0 0 0 0 0 0 0 0 0 0 0 0
22:05:26:16:04:40 0 0 0 0 0 0 0 0 0 0 0 0 0 0 0 273994 0 -42 -521 1232 0 0 0 310879 0 0 551599 504837 19933 -9907 0 101524 0 0 0 0 0 0 0 0 0 0 0 0
22:05:26:16:04:41 0 0 0 0 0 0 0 0 0 0 0 0 0 0 0 274406 0 -37 -517 1235 0 0 0 311758 0 0 551667 505057 19932 -9907 0 101522 0 0 0 0 0 0 0 0 0 0 0 0
22:05:26:16:04:42 0 0 0 0 0 0 0 0 0 0 0 0 0 0 0 274820 0 -44 -516 1245 0 0 0 312519 0 0 551740 505313 19935 -9908 0 101524 0 0 0 0 0 0 0 0 0 0 0 0
22:05:26:16:04:42 0 0 0 0 0 0 0 0 0 0 0 0 0 0 0 275232 0 -42 -522 1244 0 0 0 313662 0 0 551765 505611 19935 -9911 0 101525 0 0 0 0 0 0 0 0 0 0 0 0
22:05:26:16:04:43 0 0 0 0 0 0 0 0 0 0 0 0 0 0 0 275645 0 -38 -519 1235 0 0 0 314826 0 0 551824 505925 19938 -9911 0 101523 0 0 0 0 0 0 0 0 0 0 0 0
22:05:26:16:04:44 0 0 0 0 0 0 0 0 0 0 0 0 0 0 0 276055 0 -38 -523 1234 0 0 0 316316 0 0 551889 506219 19939 -9911 0 101522 0 0 0 0 0 0 0 0 0 0 0 0
22:05:26:16:04:45 0 0 0 0 0 0 0 0 0 0 0 0 0 0 0 276466 0 -39 -522 1238 0 0 0 317957 0 0 552019 506484 19934 -9914 0 101520 0 0 0 0 0 0 0 0 0 0 0 0
22:05:26:16:04:45 0 0 0 0 0 0 0 0 0 0 0 0 0 0 0 276872 0 -36 -519 1242 0 0 0 319403 0 0 552052 506816 19940 -9915 0 101524 0 0 0 0 0 0 0 0 0 0 0 0
22:05:26:16:04:46 0 0 0 0 0 0 0 0 0 0 0 0 0 0 0 277274 0 -44 -519 1237 0 0 0 320675 0 0 552040 507148 19939 -9915 0 101523 0 0 0 0 0 0 0 0 0 0 0 0
22:05:26:16:04:47 0 0 0 0 0 0 0 0 0 0 0 0 0 0 0 277679 0 -36 -519 1236 0 0 0 321601 0 0 552035 507506 19938 -9914 0 101521 0 0 0 0 0 0 0 0 0 0 0 0
22:05:26:16:04:47 0 0 0 0 0 0 0 0 0 0 0 0 0 0 0 278080 0 -40 -519 1241 0 0 0 322392 0 0 552123 507828 19937 -9915 0 101520 0 0 0 0 0 0 0 0 0 0 0 0
22:05:26:16:04:48 0 0 0 0 0 0 0 0 0 0 0 0 0 0 0 278477 0 -37 -520 1234 0 0 0 323039 0 0 552234 508177 19941 -9913 0 101524 0 0 0 0 0 0 0 0 0 0 0 0
22:05:26:16:04:49 0 0 0 0 0 0 0 0 0 0 0 0 0 0 0 278871 0 -39 -519 1237 0 0 0 323704 0 0 552136 508576 19945 -9912 0 101523 0 0 0 0 0 0 0 0 0 0 0 0
22:05:26:16:04:49 0 0 0 0 0 0 0 0 0 0 0 0 0 0 0 279266 0 -38 -518 1245 0 0 0 324226 0 0 552259 508898 19941 -9915 0 101521 0 0 0 0 0 0 0 0 0 0 0 0
22:05:26:16:04:50 0 0 0 0 0 0 0 0 0 0 0 0 0 0 0 279652 0 -33 -516 1235 0 0 0 324564 0 0 552343 509216 19944 -9915 0 101520 0 0 0 0 0 0 0 0 0 0 0 0
22:05:26:16:04:51 0 0 0 0 0 0 0 0 0 0 0 0 0 0 0 280039 0 -39 -520 1240 0 0 0 324914 0 0 552385 509549 19950 -9913 0 101524 0 0 0 0 0 0 0 0 0 0 0 0
22:05:26:16:04:52 0 0 0 0 0 0 0 0 0 0 0 0 0 0 0 280420 0 -41 -518 1235 0 0 0 325167 0 0 552431 509814 19949 -9909 0 101523 0 0 0 0 0 0 0 0 0 0 0 0
22:05:26:16:04:52 0 0 0 0 0 0 0 0 0 0 0 0 0 0 0 280797 0 -40 -515 1235 0 0 0 325232 0 0 552517 510099 19942 -9911 0 101521 0 0 0 0 0 0 0 0 0 0 0 0
22:05:26:16:04:53 0 0 0 0 0 0 0 0 0 0 0 0 0 0 0 281169 0 -36 -514 1236 0 0 0 325426 0 0 552579 510392 19946 -9909 0 101520 0 0 0 0 0 0 0 0 0 0 0 0
22:05:26:16:04:54 0 0 0 0 0 0 0 0 0 0 0 0 0 0 0 281535 0 -39 -519 1242 0 0 0 325591 0 0 552630 510683 19943 -9910 0 101524 0 0 0 0 0 0 0 0 0 0 0 0
22:05:26:16:04:54 0 0 0 0 0 0 0 0 0 0 0 0 0 0 0 281896 0 -33 -515 1245 0 0 0 325836 0 0 552706 510967 19945 -9907 0 101523 0 0 0 0 0 0 0 0 0 0 0 0
22:05:26:16:04:55 0 0 0 0 0 0 0 0 0 0 0 0 0 0 0 282252 0 -34 -517 1245 0 0 0 326040 0 0 552775 511251 19951 -9906 0 101522 0 0 0 0 0 0 0 0 0 0 0 0
22:05:26:16:04:56 0 0 0 0 0 0 0 0 0 0 0 0 0 0 0 282602 0 -33 -516 1239 0 0 0 326035 0 0 552703 511496 19944 -9908 0 101520 0 0 0 0 0 0 0 0 0 0 0 0
22:05:26:16:04:56 0 0 0 0 0 0 0 0 0 0 0 0 0 0 0 282946 0 -34 -515 1238 0 0 0 325602 0 0 552718 511731 19946 -9905 0 101522 0 0 0 0 0 0 0 0 0 0 0 0
22:05:26:16:04:57 0 0 0 0 0 0 0 0 0 0 0 0 0 0 0 283292 0 -38 -520 1238 0 0 0 325353 0 0 552762 511950 19947 -9904 0 101521 0 0 0 0 0 0 0 0 0 0 0 0
22:05:26:16:04:58 0 0 0 0 0 0 0 0 0 0 0 0 0 0 0 283628 0 -35 -521 1238 0 0 0 325137 0 0 552842 512179 19949 -9902 0 101520 0 0 0 0 0 0 0 0 0 0 0 0
22:05:26:16:04:59 0 0 0 0 0 0 0 0 0 0 0 0 0 0 0 283959 0 -38 -517 1238 0 0 0 324861 0 0 552909 512395 19949 -9899 0 101521 0 0 0 0 0 0 0 0 0 0 0 0
22:05:26:16:04:59 0 0 0 0 0 0 0 0 0 0 0 0 0 0 0 284288 0 -33 -518 1248 0 0 0 324717 0 0 552959 512601 19946 -9897 0 101521 0 0 0 0 0 0 0 0 0 0 0 0
22:05:26:16:05:00 0 0 0 0 0 0 0 0 0 0 0 0 0 0 0 284611 0 -40 -517 1239 0 0 0 324526 0 0 552996 512784 19948 -9893 0 101522 0 0 0 0 0 0 0 0 0 0 0 0
22:05:26:16:05:01 0 0 0 0 0 0 0 0 0 0 0 0 0 0 0 284934 0 -36 -519 1241 0 0 0 324534 0 0 553012 512952 19947 -9892 0 101522 0 0 0 0 0 0 0 0 0 0 0 0
22:05:26:16:05:01 0 0 0 0 0 0 0 0 0 0 0 0 0 0 0 285250 0 -37 -520 1244 0 0 0 324380 0 0 553056 513154 19950 -9893 0 101521 0 0 0 0 0 0 0 0 0 0 0 0
22:05:26:16:05:02 0 0 0 0 0 0 0 0 0 0 0 0 0 0 0 285565 0 -36 -521 1242 0 0 0 324384 0 0 553050 513288 19952 -9891 0 101521 0 0 0 0 0 0 0 0 0 0 0 0
22:05:26:16:05:03 0 0 0 0 0 0 0 0 0 0 0 0 0 0 0 285874 0 -39 -516 1237 0 0 0 323701 0 0 553119 513406 19947 -9887 0 101520 0 0 0 0 0 0 0 0 0 0 0 0
22:05:26:16:05:04 0 0 0 0 0 0 0 0 0 0 0 0 0 0 0 286180 0 -36 -519 1235 0 0 0 322983 0 0 553127 513509 19952 -9885 0 101523 0 0 0 0 0 0 0 0 0 0 0 0
22:05:26:16:05:04 0 0 0 0 0 0 0 0 0 0 0 0 0 0 0 286484 0 -32 -515 1234 0 0 0 321822 0 0 553141 513636 19955 -9877 0 101520 0 0 0 0 0 0 0 0 0 0 0 0
22:05:26:16:05:05 0 0 0 0 0 0 0 0 0 0 0 0 0 0 0 286785 0 -31 -513 1243 0 0 0 320680 0 0 553165 513772 19950 -9875 0 101522 0 0 0 0 0 0 0 0 0 0 0 0
22:05:26:16:05:06 0 0 0 0 0 0 0 0 0 0 0 0 0 0 0 287076 0 -28 -518 1238 0 0 0 320131 0 0 553163 513890 19960 -9873 0 101519 0 0 0 0 0 0 0 0 0 0 0 0
22:05:26:16:05:06 0 0 0 0 0 0 0 0 0 0 0 0 0 0 0 287370 0 -34 -519 1242 0 0 0 319569 0 0 553143 514000 19961 -9873 0 101518 0 0 0 0 0 0 0 0 0 0 0 0
22:05:26:16:05:07 0 0 0 0 0 0 0 0 0 0 0 0 0 0 0 287660 0 -30 -522 1236 0 0 0 319259 0 0 553131 514142 19957 -9868 0 101520 0 0 0 0 0 0 0 0 0 0 0 0
22:05:26:16:05:08 0 0 0 0 0 0 0 0 0 0 0 0 0 0 0 287945 0 -32 -519 1237 0 0 0 318518 0 0 553119 514280 19956 -9866 0 101519 0 0 0 0 0 0 0 0 0 0 0 0
22:05:26:16:05:08 0 0 0 0 0 0 0 0 0 0 0 0 0 0 0 288226 0 -33 -523 1239 0 0 0 317857 0 0 553110 514414 19957 -9862 0 101519 0 0 0 0 0 0 0 0 0 0 0 0
22:05:26:16:05:09 0 0 0 0 0 0 0 0 0 0 0 0 0 0 0 288502 0 -34 -523 1237 0 0 0 317159 0 0 553109 514520 19957 -9858 0 101518 0 0 0 0 0 0 0 0 0 0 0 0
22:05:26:16:05:10 0 0 0 0 0 0 0 0 0 0 0 0 0 0 0 288780 0 -35 -517 1238 0 0 0 316589 0 0 553078 514628 19958 -9858 0 101521 0 0 0 0 0 0 0 0 0 0 0 0
22:05:26:16:05:11 0 0 0 0 0 0 0 0 0 0 0 0 0 0 0 289051 0 -33 -518 1240 0 0 0 316203 0 0 553042 514728 19955 -9856 0 101521 0 0 0 0 0 0 0 0 0 0 0 0
22:05:26:16:05:11 0 0 0 0 0 0 0 0 0 0 0 0 0 0 0 289317 0 -35 -517 1242 0 0 0 315962 0 0 553003 514813 19960 -9853 0 101518 0 0 0 0 0 0 0 0 0 0 0 0
22:05:26:16:05:12 0 0 0 0 0 0 0 0 0 0 0 0 0 0 0 289583 0 -35 -519 1236 0 0 0 316248 0 0 552767 514876 19956 -9854 0 101517 0 0 0 0 0 0 0 0 0 0 0 0
22:05:26:16:05:13 0 0 0 0 0 0 0 0 0 0 0 0 0 0 0 289844 0 -36 -523 1236 0 0 0 316569 0 0 552310 514947 19956 -9855 0 101518 0 0 0 0 0 0 0 0 0 0 0 0
22:05:26:16:05:13 0 0 0 0 0 0 0 0 0 0 0 0 0 0 0 290102 0 -35 -516 1236 0 0 0 316763 0 0 552001 515022 19955 -9854 0 101516 0 0 0 0 0 0 0 0 0 0 0 0
22:05:26:16:05:14 0 0 0 0 0 0 0 0 0 0 0 0 0 0 0 290361 0 -25 -522 1236 0 0 0 317017 0 0 551769 515100 19955 -9854 0 101518 0 0 0 0 0 0 0 0 0 0 0 0
22:05:26:16:05:15 0 0 0 0 0 0 0 0 0 0 0 0 0 0 0 290613 0 -33 -516 1238 0 0 0 317475 0 0 551577 515168 19955 -9857 0 101518 0 0 0 0 0 0 0 0 0 0 0 0
22:05:26:16:05:15 0 0 0 0 0 0 0 0 0 0 0 0 0 0 0 290866 0 -32 -519 1237 0 0 0 317844 0 0 551399 515262 19954 -9852 0 101518 0 0 0 0 0 0 0 0 0 0 0 0
22:05:26:16:05:16 0 0 0 0 0 0 0 0 0 0 0 0 0 0 0 291120 0 -35 -517 1234 0 0 0 318148 0 0 551246 515329 19955 -9853 0 101518 0 0 0 0 0 0 0 0 0 0 0 0
22:05:26:16:05:17 0 0 0 0 0 0 0 0 0 0 0 0 0 0 0 291370 0 -32 -520 1231 0 0 0 318554 0 0 551109 515386 19953 -9854 0 101518 0 0 0 0 0 0 0 0 0 0 0 0
22:05:26:16:05:18 0 0 0 0 0 0 0 0 0 0 0 0 0 0 0 291620 0 -30 -519 1231 0 0 0 319059 0 0 550988 515450 19955 -9855 0 101519 0 0 0 0 0 0 0 0 0 0 0 0
22:05:26:16:05:18 0 0 0 0 0 0 0 0 0 0 0 0 0 0 0 291867 0 -30 -520 1242 0 0 0 319246 0 0 550879 515489 19956 -9853 0 101519 0 0 0 0 0 0 0 0 0 0 0 0
22:05:26:16:05:19 0 0 0 0 0 0 0 0 0 0 0 0 0 0 0 292112 0 -30 -523 1234 0 0 0 319313 0 0 550785 515544 19956 -9854 0 101517 0 0 0 0 0 0 0 0 0 0 0 0
22:05:26:16:05:20 0 0 0 0 0 0 0 0 0 0 0 0 0 0 0 292358 0 -31 -523 1233 0 0 0 319432 0 0 550673 515599 19959 -9849 0 101517 0 0 0 0 0 0 0 0 0 0 0 0
22:05:26:16:05:20 0 0 0 0 0 0 0 0 0 0 0 0 0 0 0 292600 0 -30 -520 1232 0 0 0 319678 0 0 550574 515649 19963 -9850 0 101518 0 0 0 0 0 0 0 0 0 0 0 0
22:05:26:16:05:21 0 0 0 0 0 0 0 0 0 0 0 0 0 0 0 292844 0 -35 -519 1233 0 0 0 319725 0 0 550483 515713 19956 -9850 0 101518 0 0 0 0 0 0 0 0 0 0 0 0
22:05:26:16:05:22 0 0 0 0 0 0 0 0 0 0 0 0 0 0 0 293085 0 -31 -527 1225 0 0 0 320121 0 0 550413 515793 19961 -9850 0 101519 0 0 0 0 0 0 0 0 0 0 0 0
22:05:26:16:05:23 0 0 0 0 0 0 0 0 0 0 0 0 0 0 0 293326 0 -32 -519 1233 0 0 0 320155 0 0 550352 515887 19961 -9849 0 101520 0 0 0 0 0 0 0 0 0 0 0 0
22:05:26:16:05:23 0 0 0 0 0 0 0 0 0 0 0 0 0 0 0 293564 0 -35 -524 1231 0 0 0 320313 0 0 550280 515961 19961 -9848 0 101520 0 0 0 0 0 0 0 0 0 0 0 0
22:05:26:16:05:24 0 0 0 0 0 0 0 0 0 0 0 0 0 0 0 293800 0 -31 -521 1232 0 0 0 320187 0 0 550219 516031 19962 -9847 0 101518 0 0 0 0 0 0 0 0 0 0 0 0
22:05:26:16:05:25 0 0 0 0 0 0 0 0 0 0 0 0 0 0 0 294035 0 -31 -523 1232 0 0 0 320290 0 0 550156 516101 19967 -9847 0 101518 0 0 0 0 0 0 0 0 0 0 0 0
22:05:26:16:05:25 0 0 0 0 0 0 0 0 0 0 0 0 0 0 0 294265 0 -34 -520 1232 0 0 0 320578 0 0 550109 516181 19962 -9844 0 101516 0 0 0 0 0 0 0 0 0 0 0 0
22:05:26:16:05:26 0 0 0 0 0 0 0 0 0 0 0 0 0 0 0 294498 0 -29 -520 1232 0 0 0 320766 0 0 550073 516243 19966 -9842 0 101519 0 0 0 0 0 0 0 0 0 0 0 0
22:05:26:16:05:27 0 0 0 0 0 0 0 0 0 0 0 0 0 0 0 294726 0 -30 -521 1231 0 0 0 321042 0 0 550035 516294 19962 -9844 0 101520 0 0 0 0 0 0 0 0 0 0 0 0
22:05:26:16:05:27 0 0 0 0 0 0 0 0 0 0 0 0 0 0 0 294952 0 -33 -517 1232 0 0 0 321191 0 0 549980 516341 19964 -9842 0 101520 0 0 0 0 0 0 0 0 0 0 0 0
22:05:26:16:05:28 0 0 0 0 0 0 0 0 0 0 0 0 0 0 0 295178 0 -25 -519 1234 0 0 0 321268 0 0 549931 516388 19964 -9842 0 101519 0 0 0 0 0 0 0 0 0 0 0 0
22:05:26:16:05:29 0 0 0 0 0 0 0 0 0 0 0 0 0 0 0 295399 0 -30 -520 1235 0 0 0 321147 0 0 549902 516443 19966 -9845 0 101519 0 0 0 0 0 0 0 0 0 0 0 0
22:05:26:16:05:30 0 0 0 0 0 0 0 0 0 0 0 0 0 0 0 295621 0 -32 -522 1228 0 0 0 321195 0 0 549867 516506 19960 -9844 0 101517 0 0 0 0 0 0 0 0 0 0 0 0
22:05:26:16:05:30 0 0 0 0 0 0 0 0 0 0 0 0 0 0 0 295839 0 -34 -525 1228 0 0 0 320773 0 0 549847 516552 19962 -9841 0 101520 0 0 0 0 0 0 0 0 0 0 0 0
22:05:26:16:05:31 0 0 0 0 0 0 0 0 0 0 0 0 0 0 0 296053 0 -33 -520 1235 0 0 0 320949 0 0 549811 516578 19964 -9841 0 101522 0 0 0 0 0 0 0 0 0 0 0 0
22:05:26:16:05:32 0 0 0 0 0 0 0 0 0 0 0 0 0 0 0 296268 0 -36 -522 1235 0 0 0 321282 0 0 549760 516635 19969 -9839 0 101522 0 0 0 0 0 0 0 0 0 0 0 0
22:05:26:16:05:32 0 0 0 0 0 0 0 0 0 0 0 0 0 0 0 296481 0 -34 -523 1227 0 0 0 321384 0 0 549750 516680 19964 -9838 0 101520 0 0 0 0 0 0 0 0 0 0 0 0
22:05:26:16:05:33 0 0 0 0 0 0 0 0 0 0 0 0 0 0 0 296689 0 -37 -520 1229 0 0 0 321174 0 0 549727 516731 19966 -9838 0 101519 0 0 0 0 0 0 0 0 0 0 0 0
22:05:26:16:05:34 0 0 0 0 0 0 0 0 0 0 0 0 0 0 0 296898 0 -34 -519 1237 0 0 0 321261 0 0 549711 516780 19969 -9836 0 101519 0 0 0 0 0 0 0 0 0 0 0 0
22:05:26:16:05:34 0 0 0 0 0 0 0 0 0 0 0 0 0 0 0 297105 0 -31 -523 1232 0 0 0 321325 0 0 549698 516800 19965 -9832 0 101518 0 0 0 0 0 0 0 0 0 0 0 0
22:05:26:16:05:35 0 0 0 0 0 0 0 0 0 0 0 0 0 0 0 297310 0 -28 -521 1234 0 0 0 321154 0 0 549682 516819 19969 -9834 0 101521 0 0 0 0 0 0 0 0 0 0 0 0
22:05:26:16:05:36 0 0 0 0 0 0 0 0 0 0 0 0 0 0 0 297511 0 -25 -520 1226 0 0 0 320905 0 0 549675 516827 19967 -9836 0 101519 0 0 0 0 0 0 0 0 0 0 0 0
22:05:26:16:05:37 0 0 0 0 0 0 0 0 0 0 0 0 0 0 0 297714 0 -33 -521 1236 0 0 0 320510 0 0 549666 516850 19966 -9833 0 101519 0 0 0 0 0 0 0 0 0 0 0 0
22:05:26:16:05:37 0 0 0 0 0 0 0 0 0 0 0 0 0 0 0 297913 0 -33 -523 1234 0 0 0 320145 0 0 549659 516872 19970 -9830 0 101521 0 0 0 0 0 0 0 0 0 0 0 0
#id 347252
#ta 0000
22:05:26:16:05:38 0 0 0 0 0 0 0 0 0 0 0 0 0 0 0 298110 0 -29 -524 1234 0 0 0 319821 0 0 549660 516910 19974 -9827 0 101518 0 0 0 0 0 0 0 0 0 0 0 0
22:05:26:16:05:39 0 0 0 0 0 0 0 0 0 0 0 0 0 0 0 298306 0 -31 -521 1236 0 0 0 319781 0 0 549682 516894 19968 -9830 0 101517 0 0 0 0 0 0 0 0 0 0 0 0
22:05:26:16:05:39 0 0 0 0 0 0 0 0 0 0 0 0 0 0 0 298502 0 -32 -522 1230 0 0 0 319958 0 0 549705 516874 19974 -9829 0 101517 0 0 0 0 0 0 0 0 0 0 0 0
22:05:26:16:05:40 0 0 0 0 0 0 0 0 0 0 0 0 0 0 0 298695 0 -27 -518 1235 0 0 0 320260 0 0 549725 516879 19969 -9826 0 101522 0 0 0 0 0 0 0 0 0 0 0 0
22:05:26:16:05:41 0 0 0 0 0 0 0 0 0 0 0 0 0 0 0 298887 0 -28 -515 1232 0 0 0 320030 0 0 549751 516898 19971 -9824 0 101520 0 0 0 0 0 0 0 0 0 0 0 0
22:05:26:16:05:42 0 0 0 0 0 0 0 0 0 0 0 0 0 0 0 299076 0 -28 -523 1239 0 0 0 319666 0 0 549854 516943 19969 -9825 0 101519 0 0 0 0 0 0 0 0 0 0 0 0
22:05:26:16:05:42 0 0 0 0 0 0 0 0 0 0 0 0 0 0 0 299262 0 -27 -521 1235 0 0 0 319177 0 0 549776 516958 19971 -9823 0 101521 0 0 0 0 0 0 0 0 0 0 0 0
22:05:26:16:05:43 0 0 0 0 0 0 0 0 0 0 0 0 0 0 0 299446 0 -27 -522 1233 0 0 0 318511 0 0 549650 516955 19971 -9820 0 101518 0 0 0 0 0 0 0 0 0 0 0 0
22:05:26:16:05:44 0 0 0 0 0 0 0 0 0 0 0 0 0 0 0 299633 0 -27 -521 1231 0 0 0 318123 0 0 549586 516953 19974 -9816 0 101520 0 0 0 0 0 0 0 0 0 0 0 0
22:05:26:16:05:44 0 0 0 0 0 0 0 0 0 0 0 0 0 0 0 299817 0 -29 -522 1238 0 0 0 318177 0 0 549885 516937 19972 -9817 0 101518 0 0 0 0 0 0 0 0 0 0 0 0
22:05:26:16:05:45 0 0 0 0 0 0 0 0 0 0 0 0 0 0 0 299997 0 -27 -523 1231 0 0 0 318698 0 0 549987 516947 19972 -9818 0 101520 0 0 0 0 0 0 0 0 0 0 0 0
22:05:26:16:05:46 0 0 0 0 0 0 0 0 0 0 0 0 0 0 0 300179 0 -30 -521 1225 0 0 0 319183 0 0 549935 516953 19975 -9818 0 101520 0 0 0 0 0 0 0 0 0 0 0 0
22:05:26:16:05:46 0 0 0 0 0 0 0 0 0 0 0 0 0 0 0 300359 0 -31 -523 1229 0 0 0 319549 0 0 549816 516953 19974 -9817 0 101519 0 0 0 0 0 0 0 0 0 0 0 0
22:05:26:16:05:47 0 0 0 0 0 0 0 0 0 0 0 0 0 0 0 300538 0 -28 -525 1232 0 0 0 319979 0 0 549574 516959 19971 -9818 0 101519 0 0 0 0 0 0 0 0 0 0 0 0
22:05:26:16:05:48 0 0 0 0 0 0 0 0 0 0 0 0 0 0 0 300714 0 -29 -520 1228 0 0 0 320052 0 0 549405 516975 19971 -9818 0 101519 0 0 0 0 0 0 0 0 0 0 0 0
22:05:26:16:05:49 0 0 0 0 0 0 0 0 0 0 0 0 0 0 0 300890 0 -36 -523 1222 0 0 0 319822 0 0 549268 516994 19972 -9817 0 101519 0 0 0 0 0 0 0 0 0 0 0 0
22:05:26:16:05:49 0 0 0 0 0 0 0 0 0 0 0 0 0 0 0 301064 0 -33 -524 1231 0 0 0 319640 0 0 549141 516998 19971 -9816 0 101518 0 0 0 0 0 0 0 0 0 0 0 0
22:05:26:16:05:50 0 0 0 0 0 0 0 0 0 0 0 0 0 0 0 301238 0 -31 -525 1234 0 0 0 319250 0 0 549070 516987 19975 -9812 0 101522 0 0 0 0 0 0 0 0 0 0 0 0
22:05:26:16:05:51 0 0 0 0 0 0 0 0 0 0 0 0 0 0 0 301410 0 -25 -523 1231 0 0 0 318876 0 0 549001 517003 19972 -9812 0 101521 0 0 0 0 0 0 0 0 0 0 0 0
22:05:26:16:05:51 0 0 0 0 0 0 0 0 0 0 0 0 0 0 0 301579 0 -30 -521 1239 0 0 0 318767 0 0 548905 517026 19973 -9808 0 101520 0 0 0 0 0 0 0 0 0 0 0 0
22:05:26:16:05:52 0 0 0 0 0 0 0 0 0 0 0 0 0 0 0 301751 0 -26 -525 1230 0 0 0 318862 0 0 548837 517038 19979 -9810 0 101521 0 0 0 0 0 0 0 0 0 0 0 0
22:05:26:16:05:53 0 0 0 0 0 0 0 0 0 0 0 0 0 0 0 301915 0 -29 -526 1228 0 0 0 318886 0 0 548741 517067 19976 -9809 0 101521 0 0 0 0 0 0 0 0 0 0 0 0
22:05:26:16:05:53 0 0 0 0 0 0 0 0 0 0 0 0 0 0 0 302084 0 -25 -523 1236 0 0 0 319140 0 0 548667 517076 19977 -9808 0 101518 0 0 0 0 0 0 0 0 0 0 0 0
22:05:26:16:05:54 0 0 0 0 0 0 0 0 0 0 0 0 0 0 0 302251 0 -24 -524 1245 0 0 0 318769 0 0 548652 517082 19976 -9807 0 101517 0 0 0 0 0 0 0 0 0 0 0 0
22:05:26:16:05:55 0 0 0 0 0 0 0 0 0 0 0 0 0 0 0 302416 0 -30 -521 1237 0 0 0 318635 0 0 548597 517112 19977 -9808 0 101518 0 0 0 0 0 0 0 0 0 0 0 0
22:05:26:16:05:56 0 0 0 0 0 0 0 0 0 0 0 0 0 0 0 302577 0 -28 -524 1236 0 0 0 318417 0 0 548498 517129 19979 -9807 0 101519 0 0 0 0 0 0 0 0 0 0 0 0
22:05:26:16:05:56 0 0 0 0 0 0 0 0 0 0 0 0 0 0 0 302742 0 -31 -521 1231 0 0 0 318184 0 0 548408 517138 19982 -9805 0 101520 0 0 0 0 0 0 0 0 0 0 0 0
22:05:26:16:05:57 0 0 0 0 0 0 0 0 0 0 0 0 0 0 0 302906 0 -29 -521 1237 0 0 0 317678 0 0 548315 517155 19978 -9804 0 101519 0 0 0 0 0 0 0 0 0 0 0 0
22:05:26:16:05:58 0 0 0 0 0 0 0 0 0 0 0 0 0 0 0 303067 0 -27 -519 1237 0 0 0 317503 0 0 548221 517170 19975 -9802 0 101517 0 0 0 0 0 0 0 0 0 0 0 0
22:05:26:16:05:58 0 0 0 0 0 0 0 0 0 0 0 0 0 0 0 303225 0 -26 -529 1237 0 0 0 317703 0 0 548172 517179 19981 -9800 0 101517 0 0 0 0 0 0 0 0 0 0 0 0
22:05:26:16:05:59 0 0 0 0 0 0 0 0 0 0 0 0 0 0 0 303384 0 -28 -522 1230 0 0 0 318126 0 0 548119 517198 19976 -9804 0 101517 0 0 0 0 0 0 0 0 0 0 0 0
22:05:26:16:06:00 0 0 0 0 0 0 0 0 0 0 0 0 0 0 0 303540 0 -31 -525 1241 0 0 0 318398 0 0 548038 517198 19982 -9802 0 101517 0 0 0 0 0 0 0 0 0 0 0 0
22:05:26:16:06:00 0 0 0 0 0 0 0 0 0 0 0 0 0 0 0 303694 0 -29 -517 1229 0 0 0 318058 0 0 547972 517189 19978 -9800 0 101517 0 0 0 0 0 0 0 0 0 0 0 0
22:05:26:16:06:01 0 0 0 0 0 0 0 0 0 0 0 0 0 0 0 303849 0 -23 -525 1233 0 0 0 317782 0 0 547890 517170 19983 -9797 0 101519 0 0 0 0 0 0 0 0 0 0 0 0
22:05:26:16:06:02 0 0 0 0 0 0 0 0 0 0 0 0 0 0 0 304003 0 -29 -527 1236 0 0 0 317897 0 0 547816 517161 19982 -9796 0 101518 0 0 0 0 0 0 0 0 0 0 0 0
22:05:26:16:06:03 0 0 0 0 0 0 0 0 0 0 0 0 0 0 0 304157 0 -27 -524 1232 0 0 0 318062 0 0 547749 517150 19979 -9796 0 101516 0 0 0 0 0 0 0 0 0 0 0 0
22:05:26:16:06:03 0 0 0 0 0 0 0 0 0 0 0 0 0 0 0 304309 0 -33 -530 1236 0 0 0 318281 0 0 547725 517139 19982 -9797 0 101516 0 0 0 0 0 0 0 0 0 0 0 0
22:05:26:16:06:04 0 0 0 0 0 0 0 0 0 0 0 0 0 0 0 304464 0 -34 -523 1235 0 0 0 318632 0 0 547673 517136 19978 -9797 0 101517 0 0 0 0 0 0 0 0 0 0 0 0
22:05:26:16:06:05 0 0 0 0 0 0 0 0 0 0 0 0 0 0 0 304610 0 -28 -528 1231 0 0 0 318489 0 0 547651 517127 19977 -9797 0 101517 0 0 0 0 0 0 0 0 0 0 0 0
22:05:26:16:06:05 0 0 0 0 0 0 0 0 0 0 0 0 0 0 0 304761 0 -30 -528 1228 0 0 0 318477 0 0 547626 517117 19980 -9796 0 101517 0 0 0 0 0 0 0 0 0 0 0 0
22:05:26:16:06:06 0 0 0 0 0 0 0 0 0 0 0 0 0 0 0 304909 0 -25 -529 1236 0 0 0 318795 0 0 547565 517091 19981 -9794 0 101514 0 0 0 0 0 0 0 0 0 0 0 0
22:05:26:16:06:07 0 0 0 0 0 0 0 0 0 0 0 0 0 0 0 305057 0 -29 -523 1232 0 0 0 319152 0 0 547518 517074 19980 -9797 0 101515 0 0 0 0 0 0 0 0 0 0 0 0
22:05:26:16:06:08 0 0 0 0 0 0 0 0 0 0 0 0 0 0 0 305203 0 -22 -526 1236 0 0 0 319113 0 0 547454 517056 19983 -9795 0 101518 0 0 0 0 0 0 0 0 0 0 0 0
22:05:26:16:06:08 0 0 0 0 0 0 0 0 0 0 0 0 0 0 0 305349 0 -27 -521 1232 0 0 0 319087 0 0 547397 517063 19977 -9797 0 101518 0 0 0 0 0 0 0 0 0 0 0 0
22:05:26:16:06:09 0 0 0 0 0 0 0 0 0 0 0 0 0 0 0 305492 0 -24 -522 1233 0 0 0 318782 0 0 547335 517047 19981 -9794 0 101516 0 0 0 0 0 0 0 0 0 0 0 0
22:05:26:16:06:10 0 0 0 0 0 0 0 0 0 0 0 0 0 0 0 305636 0 -30 -524 1229 0 0 0 318303 0 0 547283 517060 19978 -9797 0 101517 0 0 0 0 0 0 0 0 0 0 0 0
22:05:26:16:06:10 0 0 0 0 0 0 0 0 0 0 0 0 0 0 0 305781 0 -29 -528 1235 0 0 0 317991 0 0 547227 517062 19980 -9793 0 101517 0 0 0 0 0 0 0 0 0 0 0 0
22:05:26:16:06:11 0 0 0 0 0 0 0 0 0 0 0 0 0 0 0 305921 0 -26 -527 1228 0 0 0 317512 0 0 547188 517061 19977 -9792 0 101517 0 0 0 0 0 0 0 0 0 0 0 0
22:05:26:16:06:12 0 0 0 0 0 0 0 0 0 0 0 0 0 0 0 306065 0 -26 -520 1227 0 0 0 316847 0 0 547198 517053 19984 -9788 0 101518 0 0 0 0 0 0 0 0 0 0 0 0
22:05:26:16:06:12 0 0 0 0 0 0 0 0 0 0 0 0 0 0 0 306203 0 -28 -526 1231 0 0 0 316480 0 0 547232 517047 19987 -9786 0 101517 0 0 0 0 0 0 0 0 0 0 0 0
22:05:26:16:06:13 0 0 0 0 0 0 0 0 0 0 0 0 0 0 0 306341 0 -23 -524 1228 0 0 0 316437 0 0 547252 517042 19978 -9786 0 101515 0 0 0 0 0 0 0 0 0 0 0 0
22:05:26:16:06:14 0 0 0 0 0 0 0 0 0 0 0 0 0 0 0 306480 0 -23 -523 1223 0 0 0 316605 0 0 547308 517051 19980 -9785 0 101517 0 0 0 0 0 0 0 0 0 0 0 0
22:05:26:16:06:15 0 0 0 0 0 0 0 0 0 0 0 0 0 0 0 306615 0 -21 -526 1228 0 0 0 316918 0 0 547325 517049 20053 -9785 0 101516 0 0 0 0 0 0 0 0 0 0 0 0
22:05:26:16:06:15 0 0 0 0 0 0 0 0 0 0 0 0 0 0 0 306750 0 -21 -527 1227 0 0 0 317204 0 0 547287 517047 19985 -9786 0 101515 0 0 0 0 0 0 0 0 0 0 0 0
22:05:26:16:06:16 0 0 0 0 0 0 0 0 0 0 0 0 0 0 0 306886 0 -22 -524 1229 0 0 0 317349 0 0 547214 517038 19987 -9783 0 101516 0 0 0 0 0 0 0 0 0 0 0 0
22:05:26:16:06:17 0 0 0 0 0 0 0 0 0 0 0 0 0 0 0 307018 0 -30 -523 1234 0 0 0 317482 0 0 547117 517031 19984 -9782 0 101516 0 0 0 0 0 0 0 0 0 0 0 0
22:05:26:16:06:17 0 0 0 0 0 0 0 0 0 0 0 0 0 0 0 307151 0 -22 -526 1230 0 0 0 317540 0 0 547007 517034 19985 -9782 0 101514 0 0 0 0 0 0 0 0 0 0 0 0
22:05:26:16:06:18 0 0 0 0 0 0 0 0 0 0 0 0 0 0 0 307285 0 -23 -523 1240 0 0 0 317567 0 0 546908 517040 19983 -9786 0 101514 0 0 0 0 0 0 0 0 0 0 0 0
22:05:26:16:06:19 0 0 0 0 0 0 0 0 0 0 0 0 0 0 0 307416 0 -34 -514 1235 0 0 0 317800 0 0 546833 517066 19984 -9784 0 101515 0 0 0 0 0 0 0 0 0 0 0 0
22:05:26:16:06:19 0 0 0 0 0 0 0 0 0 0 0 0 0 0 0 307549 0 -27 -529 1232 0 0 0 317994 0 0 546769 517070 19982 -9785 0 101515 0 0 0 0 0 0 0 0 0 0 0 0
22:05:26:16:06:20 0 0 0 0 0 0 0 0 0 0 0 0 0 0 0 307680 0 -26 -520 1234 0 0 0 318403 0 0 546714 517079 19984 -9785 0 101517 0 0 0 0 0 0 0 0 0 0 0 0
22:05:26:16:06:21 0 0 0 0 0 0 0 0 0 0 0 0 0 0 0 307808 0 -27 -525 1231 0 0 0 318945 0 0 546674 517090 19983 -9786 0 101515 0 0 0 0 0 0 0 0 0 0 0 0
22:05:26:16:06:22 0 0 0 0 0 0 0 0 0 0 0 0 0 0 0 307937 0 -28 -530 1232 0 0 0 319058 0 0 546641 517104 19983 -9785 0 101515 0 0 0 0 0 0 0 0 0 0 0 0
22:05:26:16:06:22 0 0 0 0 0 0 0 0 0 0 0 0 0 0 0 308069 0 -31 -526 1230 0 0 0 318951 0 0 546614 517106 19981 -9785 0 101516 0 0 0 0 0 0 0 0 0 0 0 0
22:05:26:16:06:23 0 0 0 0 0 0 0 0 0 0 0 0 0 0 0 308198 0 -26 -524 1235 0 0 0 319074 0 0 546584 517114 19981 -9784 0 101514 0 0 0 0 0 0 0 0 0 0 0 0
22:05:26:16:06:24 0 0 0 0 0 0 0 0 0 0 0 0 0 0 0 308324 0 -24 -526 1231 0 0 0 319141 0 0 546544 517111 19979 -9784 0 101515 0 0 0 0 0 0 0 0 0 0 0 0
22:05:26:16:06:24 0 0 0 0 0 0 0 0 0 0 0 0 0 0 0 308452 0 -30 -522 1228 0 0 0 318441 0 0 546501 517109 19987 -9779 0 101515 0 0 0 0 0 0 0 0 0 0 0 0
22:05:26:16:06:25 0 0 0 0 0 0 0 0 0 0 0 0 0 0 0 308579 0 -25 -520 1241 0 0 0 317702 0 0 546472 517111 19987 -9778 0 101513 0 0 0 0 0 0 0 0 0 0 0 0
22:05:26:16:06:26 0 0 0 0 0 0 0 0 0 0 0 0 0 0 0 308703 0 -24 -529 1228 0 0 0 317431 0 0 546443 517111 19984 -9781 0 101513 0 0 0 0 0 0 0 0 0 0 0 0
22:05:26:16:06:27 0 0 0 0 0 0 0 0 0 0 0 0 0 0 0 308827 0 -29 -527 1237 0 0 0 317101 0 0 546400 517108 19981 -9777 0 101511 0 0 0 0 0 0 0 0 0 0 0 0
22:05:26:16:06:27 0 0 0 0 0 0 0 0 0 0 0 0 0 0 0 308955 0 -29 -524 1234 0 0 0 316659 0 0 546347 517094 19985 -9775 0 101511 0 0 0 0 0 0 0 0 0 0 0 0
22:05:26:16:06:28 0 0 0 0 0 0 0 0 0 0 0 0 0 0 0 309077 0 -27 -527 1229 0 0 0 316527 0 0 546309 517084 19987 -9774 0 101514 0 0 0 0 0 0 0 0 0 0 0 0
22:05:26:16:06:29 0 0 0 0 0 0 0 0 0 0 0 0 0 0 0 309202 0 -28 -527 1236 0 0 0 316484 0 0 546263 517080 19982 -9773 0 101514 0 0 0 0 0 0 0 0 0 0 0 0
22:05:26:16:06:29 0 0 0 0 0 0 0 0 0 0 0 0 0 0 0 309324 0 -30 -522 1234 0 0 0 316427 0 0 546226 517075 19988 -9773 0 101512 0 0 0 0 0 0 0 0 0 0 0 0
22:05:26:16:06:30 0 0 0 0 0 0 0 0 0 0 0 0 0 0 0 309444 0 -15 -526 1232 0 0 0 316536 0 0 546181 517070 19985 -9773 0 101513 0 0 0 0 0 0 0 0 0 0 0 0
22:05:26:16:06:31 0 0 0 0 0 0 0 0 0 0 0 0 0 0 0 309569 0 -21 -522 1232 0 0 0 316660 0 0 546146 517061 19990 -9769 0 101513 0 0 0 0 0 0 0 0 0 0 0 0
22:05:26:16:06:31 0 0 0 0 0 0 0 0 0 0 0 0 0 0 0 309687 0 -23 -527 1230 0 0 0 316796 0 0 546099 517047 20065 -9770 0 101512 0 0 0 0 0 0 0 0 0 0 0 0
22:05:26:16:06:32 0 0 0 0 0 0 0 0 0 0 0 0 0 0 0 309808 0 -28 -529 1232 0 0 0 316890 0 0 546053 517052 20046 -9772 0 101512 0 0 0 0 0 0 0 0 0 0 0 0
22:05:26:16:06:33 0 0 0 0 0 0 0 0 0 0 0 0 0 0 0 309929 0 -33 -530 1230 0 0 0 316890 0 0 546021 517047 19990 -9772 0 101513 0 0 0 0 0 0 0 0 0 0 0 0
22:05:26:16:06:34 0 0 0 0 0 0 0 0 0 0 0 0 0 0 0 310046 0 -27 -527 1234 0 0 0 317233 0 0 545982 517044 19993 -9772 0 101511 0 0 0 0 0 0 0 0 0 0 0 0
22:05:26:16:06:34 0 0 0 0 0 0 0 0 0 0 0 0 0 0 0 310165 0 -29 -529 1235 0 0 0 317472 0 0 545940 517042 19992 -9770 0 101512 0 0 0 0 0 0 0 0 0 0 0 0
22:05:26:16:06:35 0 0 0 0 0 0 0 0 0 0 0 0 0 0 0 310284 0 -26 -524 1231 0 0 0 317484 0 0 545901 517032 19988 -9773 0 101512 0 0 0 0 0 0 0 0 0 0 0 0
22:05:26:16:06:36 0 0 0 0 0 0 0 0 0 0 0 0 0 0 0 310401 0 -23 -528 1230 0 0 0 317726 0 0 546016 517026 19994 -9770 0 101511 0 0 0 0 0 0 0 0 0 0 0 0
22:05:26:16:06:36 0 0 0 0 0 0 0 0 0 0 0 0 0 0 0 310518 0 -14 -525 1238 0 0 0 318091 0 0 546007 517015 19991 -9771 0 101514 0 0 0 0 0 0 0 0 0 0 0 0
22:05:26:16:06:37 0 0 0 0 0 0 0 0 0 0 0 0 0 0 0 310634 0 -14 -525 1236 0 0 0 318472 0 0 545993 517017 19988 -9773 0 101512 0 0 0 0 0 0 0 0 0 0 0 0
22:05:26:16:06:38 0 0 0 0 0 0 0 0 0 0 0 0 0 0 0 310750 0 -19 -521 1230 0 0 0 318730 0 0 545967 517017 19987 -9773 0 101513 0 0 0 0 0 0 0 0 0 0 0 0
22:05:26:16:06:38 0 0 0 0 0 0 0 0 0 0 0 0 0 0 0 310866 0 -26 -523 1233 0 0 0 318989 0 0 545943 517014 19988 -9773 0 101513 0 0 0 0 0 0 0 0 0 0 0 0
22:05:26:16:06:39 0 0 0 0 0 0 0 0 0 0 0 0 0 0 0 310981 0 -20 -526 1236 0 0 0 319147 0 0 545916 517014 19991 -9769 0 101512 0 0 0 0 0 0 0 0 0 0 0 0
22:05:26:16:06:40 0 0 0 0 0 0 0 0 0 0 0 0 0 0 0 311096 0 -19 -527 1237 0 0 0 319208 0 0 545896 517004 19988 -9771 0 101512 0 0 0 0 0 0 0 0 0 0 0 0
22:05:26:16:06:41 0 0 0 0 0 0 0 0 0 0 0 0 0 0 0 311210 0 -27 -522 1230 0 0 0 319216 0 0 545878 517005 19988 -9771 0 101513 0 0 0 0 0 0 0 0 0 0 0 0
22:05:26:16:06:41 0 0 0 0 0 0 0 0 0 0 0 0 0 0 0 311323 0 -26 -524 1233 0 0 0 319222 0 0 545858 517000 19989 -9767 0 101511 0 0 0 0 0 0 0 0 0 0 0 0
22:05:26:16:06:42 0 0 0 0 0 0 0 0 0 0 0 0 0 0 0 311436 0 -22 -530 1231 0 0 0 319365 0 0 545844 517007 19994 -9769 0 101512 0 0 0 0 0 0 0 0 0 0 0 0
22:05:26:16:06:43 0 0 0 0 0 0 0 0 0 0 0 0 0 0 0 311546 0 -24 -529 1230 0 0 0 319486 0 0 545842 517017 20024 -9769 0 101510 0 0 0 0 0 0 0 0 0 0 0 0
22:05:26:16:06:43 0 0 0 0 0 0 0 0 0 0 0 0 0 0 0 311660 0 -22 -525 1228 0 0 0 319494 0 0 545828 517021 19990 -9771 0 101511 0 0 0 0 0 0 0 0 0 0 0 0
22:05:26:16:06:44 0 0 0 0 0 0 0 0 0 0 0 0 0 0 0 311773 0 -24 -527 1228 0 0 0 319509 0 0 545768 517019 19995 -9771 0 101514 0 0 0 0 0 0 0 0 0 0 0 0
22:05:26:16:06:45 0 0 0 0 0 0 0 0 0 0 0 0 0 0 0 311884 0 -19 -529 1232 0 0 0 319602 0 0 545694 517018 19993 -9770 0 101513 0 0 0 0 0 0 0 0 0 0 0 0
22:05:26:16:06:46 0 0 0 0 0 0 0 0 0 0 0 0 0 0 0 311996 0 -25 -528 1232 0 0 0 319902 0 0 545641 517033 19992 -9770 0 101513 0 0 0 0 0 0 0 0 0 0 0 0
22:05:26:16:06:46 0 0 0 0 0 0 0 0 0 0 0 0 0 0 0 312108 0 -24 -528 1229 0 0 0 320081 0 0 545603 517039 19992 -9768 0 101512 0 0 0 0 0 0 0 0 0 0 0 0
22:05:26:16:06:47 0 0 0 0 0 0 0 0 0 0 0 0 0 0 0 312217 0 -24 -528 1232 0 0 0 320187 0 0 545575 517048 19991 -9768 0 101512 0 0 0 0 0 0 0 0 0 0 0 0
22:05:26:16:06:48 0 0 0 0 0 0 0 0 0 0 0 0 0 0 0 312328 0 -24 -523 1238 0 0 0 320521 0 0 545541 517048 19993 -9769 0 101513 0 0 0 0 0 0 0 0 0 0 0 0
#id 347252
#ta 0000
22:05:26:16:06:48 0 0 0 0 0 0 0 0 0 0 0 0 0 0 0 312437 0 -24 -530 1226 0 0 0 320604 0 0 545521 517050 20000 -9770 0 101512 0 0 0 0 0 0 0 0 0 0 0 0
22:05:26:16:06:49 0 0 0 0 0 0 0 0 0 0 0 0 0 0 0 312548 0 -24 -530 1227 0 0 0 320534 0 0 545473 517046 19999 -9771 0 101512 0 0 0 0 0 0 0 0 0 0 0 0
22:05:26:16:06:50 0 0 0 0 0 0 0 0 0 0 0 0 0 0 0 312655 0 -21 -526 1233 0 0 0 320467 0 0 545438 517018 19992 -9769 0 101511 0 0 0 0 0 0 0 0 0 0 0 0
22:05:26:16:06:50 0 0 0 0 0 0 0 0 0 0 0 0 0 0 0 312766 0 -22 -528 1232 0 0 0 320685 0 0 545401 517017 19997 -9769 0 101511 0 0 0 0 0 0 0 0 0 0 0 0
22:05:26:16:06:51 0 0 0 0 0 0 0 0 0 0 0 0 0 0 0 312875 0 -18 -529 1222 0 0 0 320471 0 0 545365 517017 19998 -9765 0 101512 0 0 0 0 0 0 0 0 0 0 0 0
22:05:26:16:06:52 0 0 0 0 0 0 0 0 0 0 0 0 0 0 0 312984 0 -23 -529 1226 0 0 0 320322 0 0 545333 517013 19997 -9766 0 101510 0 0 0 0 0 0 0 0 0 0 0 0
22:05:26:16:06:53 0 0 0 0 0 0 0 0 0 0 0 0 0 0 0 313090 0 -29 -530 1233 0 0 0 320013 0 0 545301 517016 19994 -9766 0 101514 0 0 0 0 0 0 0 0 0 0 0 0
22:05:26:16:06:53 0 0 0 0 0 0 0 0 0 0 0 0 0 0 0 313200 0 -26 -524 1226 0 0 0 319651 0 0 545325 517014 19997 -9763 0 101512 0 0 0 0 0 0 0 0 0 0 0 0
22:05:26:16:06:54 0 0 0 0 0 0 0 0 0 0 0 0 0 0 0 313310 0 -22 -530 1235 0 0 0 319287 0 0 545397 517010 19997 -9761 0 101513 0 0 0 0 0 0 0 0 0 0 0 0
22:05:26:16:06:55 0 0 0 0 0 0 0 0 0 0 0 0 0 0 0 313419 0 -23 -526 1236 0 0 0 318932 0 0 545428 517016 19998 -9764 0 101511 0 0 0 0 0 0 0 0 0 0 0 0
22:05:26:16:06:55 0 0 0 0 0 0 0 0 0 0 0 0 0 0 0 313527 0 -26 -529 1228 0 0 0 318613 0 0 545487 517021 19996 -9763 0 101511 0 0 0 0 0 0 0 0 0 0 0 0
22:05:26:16:06:56 0 0 0 0 0 0 0 0 0 0 0 0 0 0 0 313633 0 -20 -531 1226 0 0 0 317940 0 0 545525 517030 20002 -9758 0 101512 0 0 0 0 0 0 0 0 0 0 0 0
22:05:26:16:06:57 0 0 0 0 0 0 0 0 0 0 0 0 0 0 0 313741 0 -20 -525 1228 0 0 0 317712 0 0 545556 517035 20072 -9757 0 101510 0 0 0 0 0 0 0 0 0 0 0 0
22:05:26:16:06:57 0 0 0 0 0 0 0 0 0 0 0 0 0 0 0 313848 0 -24 -529 1224 0 0 0 318042 0 0 545627 517043 19996 -9758 0 101511 0 0 0 0 0 0 0 0 0 0 0 0
22:05:26:16:06:58 0 0 0 0 0 0 0 0 0 0 0 0 0 0 0 313955 0 -23 -528 1230 0 0 0 318235 0 0 545685 517048 20000 -9758 0 101509 0 0 0 0 0 0 0 0 0 0 0 0
22:05:26:16:06:59 0 0 0 0 0 0 0 0 0 0 0 0 0 0 0 314062 0 -25 -528 1226 0 0 0 318273 0 0 545697 517059 19996 -9757 0 101511 0 0 0 0 0 0 0 0 0 0 0 0
22:05:26:16:07:00 0 0 0 0 0 0 0 0 0 0 0 0 0 0 0 314167 0 -22 -529 1223 0 0 0 318290 0 0 545658 517078 19996 -9757 0 101508 0 0 0 0 0 0 0 0 0 0 0 0
22:05:26:16:07:00 0 0 0 0 0 0 0 0 0 0 0 0 0 0 0 314268 0 -21 -526 1232 0 0 0 318570 0 0 545613 517093 19995 -9757 0 101509 0 0 0 0 0 0 0 0 0 0 0 0
22:05:26:16:07:01 0 0 0 0 0 0 0 0 0 0 0 0 0 0 0 314373 0 -28 -523 1230 0 0 0 318804 0 0 545617 517102 19999 -9756 0 101507 0 0 0 0 0 0 0 0 0 0 0 0
22:05:26:16:07:02 0 0 0 0 0 0 0 0 0 0 0 0 0 0 0 314477 0 -25 -526 1228 0 0 0 318841 0 0 545546 517112 20000 -9756 0 101511 0 0 0 0 0 0 0 0 0 0 0 0
22:05:26:16:07:02 0 0 0 0 0 0 0 0 0 0 0 0 0 0 0 314582 0 -28 -524 1233 0 0 0 318939 0 0 545528 517141 19996 -9755 0 101508 0 0 0 0 0 0 0 0 0 0 0 0
22:05:26:16:07:03 0 0 0 0 0 0 0 0 0 0 0 0 0 0 0 314685 0 -23 -532 1234 0 0 0 318948 0 0 545494 517177 19993 -9757 0 101510 0 0 0 0 0 0 0 0 0 0 0 0
22:05:26:16:07:04 0 0 0 0 0 0 0 0 0 0 0 0 0 0 0 314787 0 -18 -526 1235 0 0 0 318933 0 0 545483 517212 19999 -9756 0 101510 0 0 0 0 0 0 0 0 0 0 0 0
22:05:26:16:07:04 0 0 0 0 0 0 0 0 0 0 0 0 0 0 0 314890 0 -24 -526 1228 0 0 0 318924 0 0 545428 517231 19993 -9756 0 101508 0 0 0 0 0 0 0 0 0 0 0 0
22:05:26:16:07:05 0 0 0 0 0 0 0 0 0 0 0 0 0 0 0 314991 0 -18 -526 1229 0 0 0 318963 0 0 545388 517265 19996 -9754 0 101510 0 0 0 0 0 0 0 0 0 0 0 0
22:05:26:16:07:06 0 0 0 0 0 0 0 0 0 0 0 0 0 0 0 315087 0 -20 -530 1222 0 0 0 319007 0 0 545336 517297 19992 -9756 0 101508 0 0 0 0 0 0 0 0 0 0 0 0
22:05:26:16:07:07 0 0 0 0 0 0 0 0 0 0 0 0 0 0 0 315184 0 -23 -529 1228 0 0 0 318965 0 0 545295 517344 19991 -9753 0 101509 0 0 0 0 0 0 0 0 0 0 0 0
22:05:26:16:07:07 0 0 0 0 0 0 0 0 0 0 0 0 0 0 0 315292 0 -22 -528 1233 0 0 0 319219 0 0 545196 517380 19996 -9750 0 101507 0 0 0 0 0 0 0 0 0 0 0 0
22:05:26:16:07:08 0 0 0 0 0 0 0 0 0 0 0 0 0 0 0 315393 0 -23 -527 1231 0 0 0 319168 0 0 545114 517411 19998 -9752 0 101509 0 0 0 0 0 0 0 0 0 0 0 0
22:05:26:16:07:09 0 0 0 0 0 0 0 0 0 0 0 0 0 0 0 315490 0 -19 -525 1227 0 0 0 319359 0 0 545073 517440 19999 -9750 0 101507 0 0 0 0 0 0 0 0 0 0 0 0
22:05:26:16:07:09 0 0 0 0 0 0 0 0 0 0 0 0 0 0 0 315590 0 -21 -527 1226 0 0 0 319746 0 0 545019 517459 19999 -9752 0 101509 0 0 0 0 0 0 0 0 0 0 0 0
22:05:26:16:07:10 0 0 0 0 0 0 0 0 0 0 0 0 0 0 0 315691 0 -18 -523 1230 0 0 0 319993 0 0 544973 517479 19996 -9752 0 101512 0 0 0 0 0 0 0 0 0 0 0 0
22:05:26:16:07:11 0 0 0 0 0 0 0 0 0 0 0 0 0 0 0 315791 0 -19 -525 1236 0 0 0 320172 0 0 544966 517497 19994 -9751 0 101511 0 0 0 0 0 0 0 0 0 0 0 0
22:05:26:16:07:12 0 0 0 0 0 0 0 0 0 0 0 0 0 0 0 315888 0 -16 -526 1233 0 0 0 320362 0 0 544953 517513 19992 -9753 0 101511 0 0 0 0 0 0 0 0 0 0 0 0
22:05:26:16:07:12 0 0 0 0 0 0 0 0 0 0 0 0 0 0 0 315988 0 -19 -534 1230 0 0 0 320710 0 0 544925 517532 19990 -9752 0 101510 0 0 0 0 0 0 0 0 0 0 0 0
22:05:26:16:07:13 0 0 0 0 0 0 0 0 0 0 0 0 0 0 0 316087 0 -22 -524 1236 0 0 0 320695 0 0 544894 517546 19989 -9748 0 101511 0 0 0 0 0 0 0 0 0 0 0 0
22:05:26:16:07:14 0 0 0 0 0 0 0 0 0 0 0 0 0 0 0 316187 0 -18 -531 1232 0 0 0 320897 0 0 544881 517554 19995 -9751 0 101509 0 0 0 0 0 0 0 0 0 0 0 0
22:05:26:16:07:14 0 0 0 0 0 0 0 0 0 0 0 0 0 0 0 316286 0 -24 -530 1231 0 0 0 320709 0 0 544863 517567 19995 -9752 0 101511 0 0 0 0 0 0 0 0 0 0 0 0
22:05:26:16:07:15 0 0 0 0 0 0 0 0 0 0 0 0 0 0 0 316386 0 -19 -529 1230 0 0 0 320594 0 0 544835 517559 20002 -9748 0 101509 0 0 0 0 0 0 0 0 0 0 0 0
22:05:26:16:07:16 0 0 0 0 0 0 0 0 0 0 0 0 0 0 0 316480 0 -25 -527 1237 0 0 0 320658 0 0 544870 517566 19994 -9750 0 101511 0 0 0 0 0 0 0 0 0 0 0 0
22:05:26:16:07:16 0 0 0 0 0 0 0 0 0 0 0 0 0 0 0 316582 0 -21 -531 1231 0 0 0 320733 0 0 544850 517578 19999 -9752 0 101508 0 0 0 0 0 0 0 0 0 0 0 0
22:05:26:16:07:17 0 0 0 0 0 0 0 0 0 0 0 0 0 0 0 316682 0 -19 -533 1230 0 0 0 321034 0 0 545175 517578 19998 -9751 0 101510 0 0 0 0 0 0 0 0 0 0 0 0
22:05:26:16:07:18 0 0 0 0 0 0 0 0 0 0 0 0 0 0 0 316778 0 -19 -531 1234 0 0 0 321341 0 0 545141 517571 19995 -9753 0 101508 0 0 0 0 0 0 0 0 0 0 0 0
22:05:26:16:07:19 0 0 0 0 0 0 0 0 0 0 0 0 0 0 0 316876 0 -21 -527 1231 0 0 0 321527 0 0 545066 517539 19998 -9748 0 101510 0 0 0 0 0 0 0 0 0 0 0 0
22:05:26:16:07:19 0 0 0 0 0 0 0 0 0 0 0 0 0 0 0 316974 0 -20 -530 1225 0 0 0 321596 0 0 545005 517517 19997 -9748 0 101507 0 0 0 0 0 0 0 0 0 0 0 0
22:05:26:16:07:20 0 0 0 0 0 0 0 0 0 0 0 0 0 0 0 317070 0 -19 -528 1233 0 0 0 321498 0 0 544966 517523 19996 -9750 0 101511 0 0 0 0 0 0 0 0 0 0 0 0
22:05:26:16:07:21 0 0 0 0 0 0 0 0 0 0 0 0 0 0 0 317167 0 -25 -532 1229 0 0 0 321252 0 0 544948 517518 20000 -9748 0 101509 0 0 0 0 0 0 0 0 0 0 0 0
22:05:26:16:07:21 0 0 0 0 0 0 0 0 0 0 0 0 0 0 0 317259 0 -19 -529 1228 0 0 0 320903 0 0 544911 517517 20004 -9746 0 101511 0 0 0 0 0 0 0 0 0 0 0 0
22:05:26:16:07:22 0 0 0 0 0 0 0 0 0 0 0 0 0 0 0 317354 0 -22 -526 1229 0 0 0 320825 0 0 544878 517508 19999 -9749 0 101509 0 0 0 0 0 0 0 0 0 0 0 0
22:05:26:16:07:23 0 0 0 0 0 0 0 0 0 0 0 0 0 0 0 317445 0 -20 -530 1222 0 0 0 320445 0 0 544855 517497 20004 -9748 0 101509 0 0 0 0 0 0 0 0 0 0 0 0
22:05:26:16:07:23 0 0 0 0 0 0 0 0 0 0 0 0 0 0 0 317538 0 -16 -529 1227 0 0 0 320256 0 0 544829 517493 20002 -9746 0 101508 0 0 0 0 0 0 0 0 0 0 0 0
22:05:26:16:07:24 0 0 0 0 0 0 0 0 0 0 0 0 0 0 0 317634 0 -26 -528 1226 0 0 0 319991 0 0 544808 517480 20002 -9745 0 101509 0 0 0 0 0 0 0 0 0 0 0 0
22:05:26:16:07:25 0 0 0 0 0 0 0 0 0 0 0 0 0 0 0 317723 0 -22 -532 1231 0 0 0 319978 0 0 544781 517467 20001 -9742 0 101508 0 0 0 0 0 0 0 0 0 0 0 0
22:05:26:16:07:26 0 0 0 0 0 0 0 0 0 0 0 0 0 0 0 317817 0 -20 -530 1233 0 0 0 319846 0 0 544731 517459 20005 -9741 0 101509 0 0 0 0 0 0 0 0 0 0 0 0
22:05:26:16:07:26 0 0 0 0 0 0 0 0 0 0 0 0 0 0 0 317910 0 -28 -530 1225 0 0 0 319947 0 0 544684 517444 20007 -9741 0 101508 0 0 0 0 0 0 0 0 0 0 0 0
22:05:26:16:07:27 0 0 0 0 0 0 0 0 0 0 0 0 0 0 0 317998 0 -22 -530 1232 0 0 0 320154 0 0 544632 517426 20001 -9741 0 101509 0 0 0 0 0 0 0 0 0 0 0 0
22:05:26:16:07:28 0 0 0 0 0 0 0 0 0 0 0 0 0 0 0 318089 0 -20 -533 1232 0 0 0 320190 0 0 544589 517417 20004 -9742 0 101508 0 0 0 0 0 0 0 0 0 0 0 0
22:05:26:16:07:28 0 0 0 0 0 0 0 0 0 0 0 0 0 0 0 318182 0 -24 -531 1232 0 0 0 320196 0 0 544553 517409 20004 -9743 0 101506 0 0 0 0 0 0 0 0 0 0 0 0
22:05:26:16:07:29 0 0 0 0 0 0 0 0 0 0 0 0 0 0 0 318273 0 -19 -534 1220 0 0 0 320084 0 0 544525 517389 20007 -9743 0 101508 0 0 0 0 0 0 0 0 0 0 0 0
22:05:26:16:07:30 0 0 0 0 0 0 0 0 0 0 0 0 0 0 0 318364 0 -16 -529 1235 0 0 0 320289 0 0 544492 517368 20005 -9743 0 101506 0 0 0 0 0 0 0 0 0 0 0 0
22:05:26:16:07:31 0 0 0 0 0 0 0 0 0 0 0 0 0 0 0 318455 0 -25 -532 1231 0 0 0 320365 0 0 544462 517339 20005 -9742 0 101510 0 0 0 0 0 0 0 0 0 0 0 0
22:05:26:16:07:31 0 0 0 0 0 0 0 0 0 0 0 0 0 0 0 318545 0 -22 -530 1228 0 0 0 320667 0 0 544416 517314 20000 -9745 0 101508 0 0 0 0 0 0 0 0 0 0 0 0
22:05:26:16:07:32 0 0 0 0 0 0 0 0 0 0 0 0 0 0 0 318635 0 -20 -525 1235 0 0 0 320908 0 0 544363 517290 20005 -9743 0 101509 0 0 0 0 0 0 0 0 0 0 0 0
22:05:26:16:07:33 0 0 0 0 0 0 0 0 0 0 0 0 0 0 0 318723 0 -22 -528 1236 0 0 0 320963 0 0 544346 517279 20004 -9742 0 101508 0 0 0 0 0 0 0 0 0 0 0 0
22:05:26:16:07:33 0 0 0 0 0 0 0 0 0 0 0 0 0 0 0 318812 0 -20 -530 1233 0 0 0 320947 0 0 544310 517258 20002 -9739 0 101509 0 0 0 0 0 0 0 0 0 0 0 0
22:05:26:16:07:34 0 0 0 0 0 0 0 0 0 0 0 0 0 0 0 318904 0 -18 -533 1239 0 0 0 320841 0 0 544254 517241 20000 -9740 0 101508 0 0 0 0 0 0 0 0 0 0 0 0
22:05:26:16:07:35 0 0 0 0 0 0 0 0 0 0 0 0 0 0 0 318990 0 -21 -532 1235 0 0 0 320840 0 0 544211 517224 20002 -9738 0 101509 0 0 0 0 0 0 0 0 0 0 0 0
22:05:26:16:07:35 0 0 0 0 0 0 0 0 0 0 0 0 0 0 0 319075 0 -17 -525 1236 0 0 0 320696 0 0 544195 517207 20002 -9737 0 101508 0 0 0 0 0 0 0 0 0 0 0 0
22:05:26:16:07:36 0 0 0 0 0 0 0 0 0 0 0 0 0 0 0 319163 0 -16 -530 1226 0 0 0 320675 0 0 544147 517192 20028 -9740 0 101509 0 0 0 0 0 0 0 0 0 0 0 0
22:05:26:16:07:37 0 0 0 0 0 0 0 0 0 0 0 0 0 0 0 319250 0 -15 -529 1231 0 0 0 320821 0 0 544110 517172 19999 -9738 0 101508 0 0 0 0 0 0 0 0 0 0 0 0
22:05:26:16:07:38 0 0 0 0 0 0 0 0 0 0 0 0 0 0 0 319336 0 -15 -536 1230 0 0 0 321129 0 0 544076 517160 20000 -9737 0 101509 0 0 0 0 0 0 0 0 0 0 0 0
22:05:26:16:07:38 0 0 0 0 0 0 0 0 0 0 0 0 0 0 0 319420 0 -19 -530 1225 0 0 0 321286 0 0 544054 517152 20000 -9742 0 101509 0 0 0 0 0 0 0 0 0 0 0 0
22:05:26:16:07:39 0 0 0 0 0 0 0 0 0 0 0 0 0 0 0 319508 0 -20 -529 1234 0 0 0 321150 0 0 544009 517133 20000 -9742 0 101507 0 0 0 0 0 0 0 0 0 0 0 0
22:05:26:16:07:40 0 0 0 0 0 0 0 0 0 0 0 0 0 0 0 319594 0 -20 -531 1228 0 0 0 321076 0 0 543984 517111 19999 -9740 0 101508 0 0 0 0 0 0 0 0 0 0 0 0
22:05:26:16:07:40 0 0 0 0 0 0 0 0 0 0 0 0 0 0 0 319681 0 -18 -528 1227 0 0 0 320965 0 0 543953 517101 20004 -9738 0 101507 0 0 0 0 0 0 0 0 0 0 0 0
22:05:26:16:07:41 0 0 0 0 0 0 0 0 0 0 0 0 0 0 0 319766 0 -21 -530 1229 0 0 0 320811 0 0 543925 517088 20007 -9737 0 101511 0 0 0 0 0 0 0 0 0 0 0 0
22:05:26:16:07:42 0 0 0 0 0 0 0 0 0 0 0 0 0 0 0 319852 0 -17 -528 1234 0 0 0 320794 0 0 543906 517087 20001 -9736 0 101510 0 0 0 0 0 0 0 0 0 0 0 0
22:05:26:16:07:42 0 0 0 0 0 0 0 0 0 0 0 0 0 0 0 319936 0 -18 -530 1235 0 0 0 320746 0 0 543892 517086 20008 -9737 0 101511 0 0 0 0 0 0 0 0 0 0 0 0
22:05:26:16:07:43 0 0 0 0 0 0 0 0 0 0 0 0 0 0 0 320020 0 -17 -527 1230 0 0 0 320720 0 0 543875 517089 20008 -9734 0 101510 0 0 0 0 0 0 0 0 0 0 0 0
22:05:26:16:07:44 0 0 0 0 0 0 0 0 0 0 0 0 0 0 0 320106 0 -19 -530 1230 0 0 0 320482 0 0 543853 517072 20003 -9734 0 101511 0 0 0 0 0 0 0 0 0 0 0 0
22:05:26:16:07:45 0 0 0 0 0 0 0 0 0 0 0 0 0 0 0 320190 0 -23 -529 1231 0 0 0 320283 0 0 543831 517061 20009 -9734 0 101510 0 0 0 0 0 0 0 0 0 0 0 0
22:05:26:16:07:45 0 0 0 0 0 0 0 0 0 0 0 0 0 0 0 320273 0 -14 -535 1235 0 0 0 320234 0 0 543795 517055 20006 -9733 0 101511 0 0 0 0 0 0 0 0 0 0 0 0
22:05:26:16:07:46 0 0 0 0 0 0 0 0 0 0 0 0 0 0 0 320358 0 -21 -536 1235 0 0 0 319887 0 0 543765 517053 20005 -9736 0 101510 0 0 0 0 0 0 0 0 0 0 0 0
22:05:26:16:07:47 0 0 0 0 0 0 0 0 0 0 0 0 0 0 0 320442 0 -21 -535 1233 0 0 0 319665 0 0 543752 517048 20006 -9734 0 101509 0 0 0 0 0 0 0 0 0 0 0 0
22:05:26:16:07:47 0 0 0 0 0 0 0 0 0 0 0 0 0 0 0 320525 0 -23 -530 1235 0 0 0 319881 0 0 543730 517040 20003 -9731 0 101510 0 0 0 0 0 0 0 0 0 0 0 0
22:05:26:16:07:48 0 0 0 0 0 0 0 0 0 0 0 0 0 0 0 320611 0 -20 -533 1236 0 0 0 319969 0 0 543708 517028 20001 -9730 0 101509 0 0 0 0 0 0 0 0 0 0 0 0
22:05:26:16:07:49 0 0 0 0 0 0 0 0 0 0 0 0 0 0 0 320694 0 -19 -534 1232 0 0 0 320016 0 0 543683 517021 20004 -9731 0 101510 0 0 0 0 0 0 0 0 0 0 0 0
22:05:26:16:07:49 0 0 0 0 0 0 0 0 0 0 0 0 0 0 0 320778 0 -18 -533 1234 0 0 0 320011 0 0 543640 517012 20007 -9730 0 101509 0 0 0 0 0 0 0 0 0 0 0 0
22:05:26:16:07:50 0 0 0 0 0 0 0 0 0 0 0 0 0 0 0 320865 0 -14 -529 1233 0 0 0 319833 0 0 543608 517011 20007 -9726 0 101510 0 0 0 0 0 0 0 0 0 0 0 0
22:05:26:16:07:51 0 0 0 0 0 0 0 0 0 0 0 0 0 0 0 320945 0 -18 -534 1235 0 0 0 319775 0 0 543563 517016 20005 -9724 0 101509 0 0 0 0 0 0 0 0 0 0 0 0
22:05:26:16:07:52 0 0 0 0 0 0 0 0 0 0 0 0 0 0 0 321027 0 -19 -531 1234 0 0 0 319783 0 0 543535 517020 20006 -9726 0 101512 0 0 0 0 0 0 0 0 0 0 0 0
22:05:26:16:07:52 0 0 0 0 0 0 0 0 0 0 0 0 0 0 0 321111 0 -20 -535 1239 0 0 0 319908 0 0 543513 517023 20010 -9726 0 101511 0 0 0 0 0 0 0 0 0 0 0 0
22:05:26:16:07:53 0 0 0 0 0 0 0 0 0 0 0 0 0 0 0 321191 0 -21 -530 1231 0 0 0 320218 0 0 543488 517031 20007 -9727 0 101510 0 0 0 0 0 0 0 0 0 0 0 0
22:05:26:16:07:54 0 0 0 0 0 0 0 0 0 0 0 0 0 0 0 321277 0 -28 -530 1235 0 0 0 320642 0 0 543467 517043 20004 -9726 0 101512 0 0 0 0 0 0 0 0 0 0 0 0
22:05:26:16:07:54 0 0 0 0 0 0 0 0 0 0 0 0 0 0 0 321360 0 -23 -529 1238 0 0 0 320830 0 0 543437 517082 20006 -9726 0 101510 0 0 0 0 0 0 0 0 0 0 0 0
22:05:26:16:07:55 0 0 0 0 0 0 0 0 0 0 0 0 0 0 0 321443 0 -16 -527 1229 0 0 0 320944 0 0 543418 517080 20001 -9727 0 101512 0 0 0 0 0 0 0 0 0 0 0 0
22:05:26:16:07:56 0 0 0 0 0 0 0 0 0 0 0 0 0 0 0 321526 0 -21 -531 1232 0 0 0 320813 0 0 543391 517076 20000 -9725 0 101510 0 0 0 0 0 0 0 0 0 0 0 0
22:05:26:16:07:57 0 0 0 0 0 0 0 0 0 0 0 0 0 0 0 321606 0 -18 -525 1232 0 0 0 320530 0 0 543363 517064 20008 -9725 0 101512 0 0 0 0 0 0 0 0 0 0 0 0
22:05:26:16:07:57 0 0 0 0 0 0 0 0 0 0 0 0 0 0 0 321691 0 -24 -532 1228 0 0 0 320020 0 0 543340 517067 20006 -9724 0 101510 0 0 0 0 0 0 0 0 0 0 0 0
22:05:26:16:07:58 0 0 0 0 0 0 0 0 0 0 0 0 0 0 0 321772 0 -19 -526 1230 0 0 0 319570 0 0 543312 517076 20003 -9723 0 101511 0 0 0 0 0 0 0 0 0 0 0 0
#id 347252
#ta 0000
22:05:26:16:07:59 0 0 0 0 0 0 0 0 0 0 0 0 0 0 0 321852 0 -22 -529 1229 0 0 0 319678 0 0 543284 517081 20001 -9724 0 101510 0 0 0 0 0 0 0 0 0 0 0 0
22:05:26:16:07:59 0 0 0 0 0 0 0 0 0 0 0 0 0 0 0 321934 0 -23 -531 1227 0 0 0 319963 0 0 543251 517092 20005 -9724 0 101511 0 0 0 0 0 0 0 0 0 0 0 0
22:05:26:16:08:00 0 0 0 0 0 0 0 0 0 0 0 0 0 0 0 322014 0 -19 -532 1235 0 0 0 319671 0 0 543223 517097 20001 -9721 0 101510 0 0 0 0 0 0 0 0 0 0 0 0
22:05:26:16:08:01 0 0 0 0 0 0 0 0 0 0 0 0 0 0 0 322096 0 -24 -527 1237 0 0 0 319349 0 0 543194 517102 20007 -9721 0 101508 0 0 0 0 0 0 0 0 0 0 0 0
22:05:26:16:08:01 0 0 0 0 0 0 0 0 0 0 0 0 0 0 0 322177 0 -21 -535 1230 0 0 0 318990 0 0 543168 517112 20007 -9719 0 101509 0 0 0 0 0 0 0 0 0 0 0 0
22:05:26:16:08:02 0 0 0 0 0 0 0 0 0 0 0 0 0 0 0 322256 0 -24 -527 1227 0 0 0 318982 0 0 543158 517123 20008 -9719 0 101507 0 0 0 0 0 0 0 0 0 0 0 0
22:05:26:16:08:03 0 0 0 0 0 0 0 0 0 0 0 0 0 0 0 322336 0 -19 -529 1233 0 0 0 319193 0 0 543128 517125 20007 -9719 0 101509 0 0 0 0 0 0 0 0 0 0 0 0
22:05:26:16:08:04 0 0 0 0 0 0 0 0 0 0 0 0 0 0 0 322418 0 -21 -524 1232 0 0 0 319634 0 0 543100 517132 20009 -9720 0 101507 0 0 0 0 0 0 0 0 0 0 0 0
22:05:26:16:08:04 0 0 0 0 0 0 0 0 0 0 0 0 0 0 0 322500 0 -20 -525 1235 0 0 0 320127 0 0 543086 517140 20010 -9721 0 101506 0 0 0 0 0 0 0 0 0 0 0 0
22:05:26:16:08:05 0 0 0 0 0 0 0 0 0 0 0 0 0 0 0 322585 0 -18 -530 1231 0 0 0 320552 0 0 543050 517142 20011 -9722 0 101510 0 0 0 0 0 0 0 0 0 0 0 0
22:05:26:16:08:06 0 0 0 0 0 0 0 0 0 0 0 0 0 0 0 322666 0 -21 -534 1231 0 0 0 320861 0 0 543032 517114 20010 -9722 0 101509 0 0 0 0 0 0 0 0 0 0 0 0
22:05:26:16:08:06 0 0 0 0 0 0 0 0 0 0 0 0 0 0 0 322749 0 -28 -531 1230 0 0 0 321300 0 0 542851 517149 20005 -9726 0 101510 0 0 0 0 0 0 0 0 0 0 0 0
22:05:26:16:08:07 0 0 0 0 0 0 0 0 0 0 0 0 0 0 0 322831 0 -22 -528 1231 0 0 0 321328 0 0 542746 517146 20006 -9723 0 101508 0 0 0 0 0 0 0 0 0 0 0 0
22:05:26:16:08:08 0 0 0 0 0 0 0 0 0 0 0 0 0 0 0 322915 0 -20 -526 1235 0 0 0 321079 0 0 542664 517153 20008 -9722 0 101507 0 0 0 0 0 0 0 0 0 0 0 0
22:05:26:16:08:08 0 0 0 0 0 0 0 0 0 0 0 0 0 0 0 322992 0 -23 -528 1233 0 0 0 321223 0 0 542583 517155 20008 -9722 0 101508 0 0 0 0 0 0 0 0 0 0 0 0
22:05:26:16:08:09 0 0 0 0 0 0 0 0 0 0 0 0 0 0 0 323073 0 -24 -532 1232 0 0 0 321617 0 0 542512 517157 20007 -9724 0 101507 0 0 0 0 0 0 0 0 0 0 0 0
22:05:26:16:08:10 0 0 0 0 0 0 0 0 0 0 0 0 0 0 0 323158 0 -24 -529 1222 0 0 0 321880 0 0 542444 517169 20005 -9721 0 101508 0 0 0 0 0 0 0 0 0 0 0 0
22:05:26:16:08:11 0 0 0 0 0 0 0 0 0 0 0 0 0 0 0 323238 0 -20 -530 1228 0 0 0 322041 0 0 542375 517166 20009 -9718 0 101507 0 0 0 0 0 0 0 0 0 0 0 0
22:05:26:16:08:11 0 0 0 0 0 0 0 0 0 0 0 0 0 0 0 323321 0 -18 -529 1236 0 0 0 322109 0 0 542318 517170 20006 -9721 0 101509 0 0 0 0 0 0 0 0 0 0 0 0
22:05:26:16:08:12 0 0 0 0 0 0 0 0 0 0 0 0 0 0 0 323403 0 -22 -529 1232 0 0 0 322466 0 0 542257 517170 20004 -9722 0 101508 0 0 0 0 0 0 0 0 0 0 0 0
22:05:26:16:08:13 0 0 0 0 0 0 0 0 0 0 0 0 0 0 0 323487 0 -23 -530 1229 0 0 0 322822 0 0 542205 517181 20006 -9722 0 101506 0 0 0 0 0 0 0 0 0 0 0 0
22:05:26:16:08:13 0 0 0 0 0 0 0 0 0 0 0 0 0 0 0 323567 0 -20 -529 1235 0 0 0 322793 0 0 542154 517191 20007 -9723 0 101508 0 0 0 0 0 0 0 0 0 0 0 0
22:05:26:16:08:14 0 0 0 0 0 0 0 0 0 0 0 0 0 0 0 323652 0 -19 -532 1230 0 0 0 322905 0 0 542206 517204 20007 -9720 0 101507 0 0 0 0 0 0 0 0 0 0 0 0
22:05:26:16:08:15 0 0 0 0 0 0 0 0 0 0 0 0 0 0 0 323737 0 -19 -530 1236 0 0 0 322537 0 0 542224 517217 20011 -9720 0 101508 0 0 0 0 0 0 0 0 0 0 0 0
22:05:26:16:08:15 0 0 0 0 0 0 0 0 0 0 0 0 0 0 0 323819 0 -19 -536 1234 0 0 0 321930 0 0 542212 517221 20005 -9722 0 101507 0 0 0 0 0 0 0 0 0 0 0 0
22:05:26:16:08:16 0 0 0 0 0 0 0 0 0 0 0 0 0 0 0 323904 0 -20 -534 1232 0 0 0 321455 0 0 542224 517229 20010 -9718 0 101511 0 0 0 0 0 0 0 0 0 0 0 0
22:05:26:16:08:17 0 0 0 0 0 0 0 0 0 0 0 0 0 0 0 323991 0 -20 -533 1231 0 0 0 321120 0 0 542225 517241 20007 -9716 0 101509 0 0 0 0 0 0 0 0 0 0 0 0
22:05:26:16:08:18 0 0 0 0 0 0 0 0 0 0 0 0 0 0 0 324074 0 -15 -536 1229 0 0 0 320720 0 0 542221 517254 20005 -9713 0 101508 0 0 0 0 0 0 0 0 0 0 0 0
22:05:26:16:08:18 0 0 0 0 0 0 0 0 0 0 0 0 0 0 0 324155 0 -19 -530 1232 0 0 0 320608 0 0 542222 517264 20006 -9713 0 101510 0 0 0 0 0 0 0 0 0 0 0 0
22:05:26:16:08:19 0 0 0 0 0 0 0 0 0 0 0 0 0 0 0 324237 0 -17 -534 1233 0 0 0 320655 0 0 542200 517277 20009 -9714 0 101508 0 0 0 0 0 0 0 0 0 0 0 0
22:05:26:16:08:20 0 0 0 0 0 0 0 0 0 0 0 0 0 0 0 324321 0 -16 -530 1232 0 0 0 320967 0 0 542171 517295 20009 -9712 0 101510 0 0 0 0 0 0 0 0 0 0 0 0
22:05:26:16:08:20 0 0 0 0 0 0 0 0 0 0 0 0 0 0 0 324404 0 -20 -533 1233 0 0 0 321239 0 0 542150 517322 20009 -9710 0 101508 0 0 0 0 0 0 0 0 0 0 0 0
22:05:26:16:08:21 0 0 0 0 0 0 0 0 0 0 0 0 0 0 0 324489 0 -23 -535 1233 0 0 0 321092 0 0 542122 517336 20009 -9711 0 101507 0 0 0 0 0 0 0 0 0 0 0 0
22:05:26:16:08:22 0 0 0 0 0 0 0 0 0 0 0 0 0 0 0 324574 0 -18 -532 1232 0 0 0 320955 0 0 542108 517343 20009 -9712 0 101508 0 0 0 0 0 0 0 0 0 0 0 0
22:05:26:16:08:23 0 0 0 0 0 0 0 0 0 0 0 0 0 0 0 324660 0 -23 -531 1226 0 0 0 320960 0 0 542089 517360 20007 -9713 0 101507 0 0 0 0 0 0 0 0 0 0 0 0
22:05:26:16:08:23 0 0 0 0 0 0 0 0 0 0 0 0 0 0 0 324746 0 -21 -532 1225 0 0 0 320948 0 0 542086 517373 20013 -9709 0 101509 0 0 0 0 0 0 0 0 0 0 0 0
22:05:26:16:08:24 0 0 0 0 0 0 0 0 0 0 0 0 0 0 0 324828 0 -20 -531 1230 0 0 0 321219 0 0 542077 517391 20013 -9710 0 101507 0 0 0 0 0 0 0 0 0 0 0 0
22:05:26:16:08:25 0 0 0 0 0 0 0 0 0 0 0 0 0 0 0 324912 0 -18 -531 1224 0 0 0 321453 0 0 542065 517410 20016 -9710 0 101508 0 0 0 0 0 0 0 0 0 0 0 0
22:05:26:16:08:25 0 0 0 0 0 0 0 0 0 0 0 0 0 0 0 324994 0 -21 -532 1231 0 0 0 321788 0 0 542054 517434 20007 -9713 0 101507 0 0 0 0 0 0 0 0 0 0 0 0
22:05:26:16:08:26 0 0 0 0 0 0 0 0 0 0 0 0 0 0 0 325079 0 -21 -530 1230 0 0 0 321768 0 0 542037 517460 20010 -9712 0 101506 0 0 0 0 0 0 0 0 0 0 0 0
22:05:26:16:08:27 0 0 0 0 0 0 0 0 0 0 0 0 0 0 0 325161 0 -21 -530 1232 0 0 0 321741 0 0 542035 517489 20009 -9712 0 101507 0 0 0 0 0 0 0 0 0 0 0 0
22:05:26:16:08:27 0 0 0 0 0 0 0 0 0 0 0 0 0 0 0 325247 0 -18 -530 1228 0 0 0 321835 0 0 542035 517507 20013 -9711 0 101506 0 0 0 0 0 0 0 0 0 0 0 0
22:05:26:16:08:28 0 0 0 0 0 0 0 0 0 0 0 0 0 0 0 325330 0 -22 -526 1228 0 0 0 321983 0 0 542024 517528 20009 -9709 0 101510 0 0 0 0 0 0 0 0 0 0 0 0
22:05:26:16:08:29 0 0 0 0 0 0 0 0 0 0 0 0 0 0 0 325415 0 -20 -530 1233 0 0 0 322148 0 0 542019 517550 20012 -9709 0 101509 0 0 0 0 0 0 0 0 0 0 0 0
22:05:26:16:08:30 0 0 0 0 0 0 0 0 0 0 0 0 0 0 0 325499 0 -23 -535 1233 0 0 0 322386 0 0 542022 517580 20008 -9711 0 101510 0 0 0 0 0 0 0 0 0 0 0 0
22:05:26:16:08:30 0 0 0 0 0 0 0 0 0 0 0 0 0 0 0 325583 0 -18 -533 1234 0 0 0 322605 0 0 542024 517598 20017 -9712 0 101509 0 0 0 0 0 0 0 0 0 0 0 0
22:05:26:16:08:31 0 0 0 0 0 0 0 0 0 0 0 0 0 0 0 325665 0 -20 -530 1232 0 0 0 322740 0 0 542041 517611 20017 -9710 0 101507 0 0 0 0 0 0 0 0 0 0 0 0
22:05:26:16:08:32 0 0 0 0 0 0 0 0 0 0 0 0 0 0 0 325751 0 -16 -536 1226 0 0 0 322747 0 0 542073 517626 20014 -9713 0 101509 0 0 0 0 0 0 0 0 0 0 0 0
22:05:26:16:08:32 0 0 0 0 0 0 0 0 0 0 0 0 0 0 0 325833 0 -20 -526 1231 0 0 0 322608 0 0 542103 517647 20016 -9710 0 101507 0 0 0 0 0 0 0 0 0 0 0 0
22:05:26:16:08:33 0 0 0 0 0 0 0 0 0 0 0 0 0 0 0 325917 0 -15 -530 1230 0 0 0 322555 0 0 542130 517668 20014 -9709 0 101508 0 0 0 0 0 0 0 0 0 0 0 0
22:05:26:16:08:34 0 0 0 0 0 0 0 0 0 0 0 0 0 0 0 326001 0 -17 -530 1229 0 0 0 322670 0 0 542153 517679 20014 -9710 0 101507 0 0 0 0 0 0 0 0 0 0 0 0
22:05:26:16:08:34 0 0 0 0 0 0 0 0 0 0 0 0 0 0 0 326082 0 -15 -537 1224 0 0 0 322920 0 0 542173 517691 20014 -9710 0 101509 0 0 0 0 0 0 0 0 0 0 0 0
22:05:26:16:08:35 0 0 0 0 0 0 0 0 0 0 0 0 0 0 0 326164 0 -17 -532 1227 0 0 0 323193 0 0 542191 517706 20012 -9709 0 101508 0 0 0 0 0 0 0 0 0 0 0 0
22:05:26:16:08:36 0 0 0 0 0 0 0 0 0 0 0 0 0 0 0 326246 0 -20 -533 1238 0 0 0 323388 0 0 542207 517716 20013 -9708 0 101506 0 0 0 0 0 0 0 0 0 0 0 0
22:05:26:16:08:37 0 0 0 0 0 0 0 0 0 0 0 0 0 0 0 326330 0 -18 -531 1231 0 0 0 323725 0 0 542210 517732 20011 -9709 0 101508 0 0 0 0 0 0 0 0 0 0 0 0
22:05:26:16:08:37 0 0 0 0 0 0 0 0 0 0 0 0 0 0 0 326411 0 -18 -526 1228 0 0 0 323813 0 0 542224 517748 20014 -9711 0 101506 0 0 0 0 0 0 0 0 0 0 0 0
22:05:26:16:08:38 0 0 0 0 0 0 0 0 0 0 0 0 0 0 0 326494 0 -24 -536 1233 0 0 0 323968 0 0 542249 517756 20014 -9712 0 101505 0 0 0 0 0 0 0 0 0 0 0 0
22:05:26:16:08:39 0 0 0 0 0 0 0 0 0 0 0 0 0 0 0 326574 0 -21 -527 1236 0 0 0 324308 0 0 542257 517764 20017 -9711 0 101506 0 0 0 0 0 0 0 0 0 0 0 0
22:05:26:16:08:39 0 0 0 0 0 0 0 0 0 0 0 0 0 0 0 326655 0 -22 -534 1234 0 0 0 324657 0 0 542262 517771 20013 -9708 0 101506 0 0 0 0 0 0 0 0 0 0 0 0
22:05:26:16:08:40 0 0 0 0 0 0 0 0 0 0 0 0 0 0 0 326733 0 -20 -530 1235 0 0 0 324983 0 0 542276 517786 20011 -9707 0 101510 0 0 0 0 0 0 0 0 0 0 0 0
22:05:26:16:08:41 0 0 0 0 0 0 0 0 0 0 0 0 0 0 0 326818 0 -21 -534 1231 0 0 0 325090 0 0 542277 517798 20015 -9709 0 101508 0 0 0 0 0 0 0 0 0 0 0 0
22:05:26:16:08:42 0 0 0 0 0 0 0 0 0 0 0 0 0 0 0 326902 0 -21 -538 1228 0 0 0 325113 0 0 542277 517819 20012 -9710 0 101507 0 0 0 0 0 0 0 0 0 0 0 0
22:05:26:16:08:42 0 0 0 0 0 0 0 0 0 0 0 0 0 0 0 326983 0 -21 -537 1224 0 0 0 325164 0 0 542275 517843 20018 -9709 0 101509 0 0 0 0 0 0 0 0 0 0 0 0
22:05:26:16:08:43 0 0 0 0 0 0 0 0 0 0 0 0 0 0 0 327064 0 -21 -530 1223 0 0 0 324966 0 0 542273 517861 20016 -9709 0 101508 0 0 0 0 0 0 0 0 0 0 0 0
22:05:26:16:08:44 0 0 0 0 0 0 0 0 0 0 0 0 0 0 0 327144 0 -20 -532 1230 0 0 0 324502 0 0 542273 517880 20016 -9708 0 101509 0 0 0 0 0 0 0 0 0 0 0 0
22:05:26:16:08:44 0 0 0 0 0 0 0 0 0 0 0 0 0 0 0 327224 0 -21 -533 1237 0 0 0 324226 0 0 542270 517900 20017 -9710 0 101508 0 0 0 0 0 0 0 0 0 0 0 0
22:05:26:16:08:45 0 0 0 0 0 0 0 0 0 0 0 0 0 0 0 327300 0 -12 -530 1234 0 0 0 324175 0 0 542270 517918 20019 -9706 0 101506 0 0 0 0 0 0 0 0 0 0 0 0
22:05:26:16:08:46 0 0 0 0 0 0 0 0 0 0 0 0 0 0 0 327381 0 -18 -534 1226 0 0 0 324032 0 0 542268 517938 20015 -9707 0 101508 0 0 0 0 0 0 0 0 0 0 0 0
22:05:26:16:08:46 0 0 0 0 0 0 0 0 0 0 0 0 0 0 0 327460 0 -17 -534 1231 0 0 0 323703 0 0 542274 517954 20014 -9705 0 101506 0 0 0 0 0 0 0 0 0 0 0 0
22:05:26:16:08:47 0 0 0 0 0 0 0 0 0 0 0 0 0 0 0 327541 0 -18 -533 1227 0 0 0 323494 0 0 542277 517973 20018 -9701 0 101505 0 0 0 0 0 0 0 0 0 0 0 0
22:05:26:16:08:48 0 0 0 0 0 0 0 0 0 0 0 0 0 0 0 327620 0 -18 -532 1226 0 0 0 323388 0 0 542283 517992 20020 -9701 0 101507 0 0 0 0 0 0 0 0 0 0 0 0
22:05:26:16:08:49 0 0 0 0 0 0 0 0 0 0 0 0 0 0 0 327698 0 -25 -528 1227 0 0 0 323273 0 0 542289 517994 20013 -9703 0 101506 0 0 0 0 0 0 0 0 0 0 0 0
22:05:26:16:08:49 0 0 0 0 0 0 0 0 0 0 0 0 0 0 0 327777 0 -21 -525 1234 0 0 0 322964 0 0 542289 517988 20016 -9701 0 101507 0 0 0 0 0 0 0 0 0 0 0 0
22:05:26:16:08:50 0 0 0 0 0 0 0 0 0 0 0 0 0 0 0 327853 0 -19 -530 1233 0 0 0 322879 0 0 542286 517997 20014 -9700 0 101505 0 0 0 0 0 0 0 0 0 0 0 0
22:05:26:16:08:51 0 0 0 0 0 0 0 0 0 0 0 0 0 0 0 327931 0 -17 -532 1236 0 0 0 322722 0 0 542283 518013 20016 -9699 0 101504 0 0 0 0 0 0 0 0 0 0 0 0
22:05:26:16:08:51 0 0 0 0 0 0 0 0 0 0 0 0 0 0 0 328007 0 -17 -534 1230 0 0 0 322545 0 0 542298 518016 20014 -9700 0 101505 0 0 0 0 0 0 0 0 0 0 0 0
22:05:26:16:08:52 0 0 0 0 0 0 0 0 0 0 0 0 0 0 0 328080 0 -20 -529 1234 0 0 0 322361 0 0 542274 518018 20012 -9697 0 101504 0 0 0 0 0 0 0 0 0 0 0 0
22:05:26:16:08:53 0 0 0 0 0 0 0 0 0 0 0 0 0 0 0 328160 0 -22 -531 1236 0 0 0 322475 0 0 542259 518018 20012 -9698 0 101508 0 0 0 0 0 0 0 0 0 0 0 0
22:05:26:16:08:53 0 0 0 0 0 0 0 0 0 0 0 0 0 0 0 328234 0 -17 -534 1231 0 0 0 322446 0 0 542264 518019 20011 -9699 0 101507 0 0 0 0 0 0 0 0 0 0 0 0
22:05:26:16:08:54 0 0 0 0 0 0 0 0 0 0 0 0 0 0 0 328314 0 -21 -533 1229 0 0 0 322447 0 0 542247 518011 20009 -9697 0 101505 0 0 0 0 0 0 0 0 0 0 0 0
22:05:26:16:08:55 0 0 0 0 0 0 0 0 0 0 0 0 0 0 0 328389 0 -19 -535 1234 0 0 0 322463 0 0 542248 518022 20025 -9697 0 101507 0 0 0 0 0 0 0 0 0 0 0 0
22:05:26:16:08:56 0 0 0 0 0 0 0 0 0 0 0 0 0 0 0 328462 0 -19 -536 1227 0 0 0 322180 0 0 542237 518023 20014 -9696 0 101505 0 0 0 0 0 0 0 0 0 0 0 0
22:05:26:16:08:56 0 0 0 0 0 0 0 0 0 0 0 0 0 0 0 328540 0 -18 -536 1227 0 0 0 322096 0 0 542221 518037 20023 -9695 0 101507 0 0 0 0 0 0 0 0 0 0 0 0
22:05:26:16:08:57 0 0 0 0 0 0 0 0 0 0 0 0 0 0 0 328613 0 -19 -534 1225 0 0 0 322204 0 0 542210 518036 20021 -9697 0 101505 0 0 0 0 0 0 0 0 0 0 0 0
22:05:26:16:08:58 0 0 0 0 0 0 0 0 0 0 0 0 0 0 0 328690 0 -17 -533 1224 0 0 0 322447 0 0 542166 518051 20017 -9695 0 101503 0 0 0 0 0 0 0 0 0 0 0 0
22:05:26:16:08:58 0 0 0 0 0 0 0 0 0 0 0 0 0 0 0 328768 0 -13 -535 1235 0 0 0 322364 0 0 542120 518059 20016 -9693 0 101505 0 0 0 0 0 0 0 0 0 0 0 0
22:05:26:16:08:59 0 0 0 0 0 0 0 0 0 0 0 0 0 0 0 328841 0 -16 -534 1232 0 0 0 321930 0 0 542083 518068 20018 -9690 0 101503 0 0 0 0 0 0 0 0 0 0 0 0
22:05:26:16:09:00 0 0 0 0 0 0 0 0 0 0 0 0 0 0 0 328917 0 -20 -533 1231 0 0 0 321774 0 0 542050 518076 20017 -9690 0 101505 0 0 0 0 0 0 0 0 0 0 0 0
22:05:26:16:09:00 0 0 0 0 0 0 0 0 0 0 0 0 0 0 0 328992 0 -19 -538 1225 0 0 0 321350 0 0 542017 518079 20016 -9693 0 101503 0 0 0 0 0 0 0 0 0 0 0 0
22:05:26:16:09:01 0 0 0 0 0 0 0 0 0 0 0 0 0 0 0 329067 0 -14 -529 1231 0 0 0 320702 0 0 541979 518099 20018 -9690 0 101502 0 0 0 0 0 0 0 0 0 0 0 0
22:05:26:16:09:02 0 0 0 0 0 0 0 0 0 0 0 0 0 0 0 329145 0 -19 -533 1226 0 0 0 320276 0 0 541951 518110 20019 -9688 0 101504 0 0 0 0 0 0 0 0 0 0 0 0
22:05:26:16:09:03 0 0 0 0 0 0 0 0 0 0 0 0 0 0 0 329220 0 -19 -532 1222 0 0 0 320139 0 0 541929 518121 20020 -9689 0 101503 0 0 0 0 0 0 0 0 0 0 0 0
22:05:26:16:09:03 0 0 0 0 0 0 0 0 0 0 0 0 0 0 0 329298 0 -16 -531 1229 0 0 0 320014 0 0 541905 518139 20014 -9688 0 101504 0 0 0 0 0 0 0 0 0 0 0 0
22:05:26:16:09:04 0 0 0 0 0 0 0 0 0 0 0 0 0 0 0 329374 0 -20 -534 1235 0 0 0 320045 0 0 541878 518157 20021 -9687 0 101503 0 0 0 0 0 0 0 0 0 0 0 0
22:05:26:16:09:05 0 0 0 0 0 0 0 0 0 0 0 0 0 0 0 329449 0 -20 -533 1227 0 0 0 319880 0 0 541852 518163 20016 -9688 0 101501 0 0 0 0 0 0 0 0 0 0 0 0
22:05:26:16:09:05 0 0 0 0 0 0 0 0 0 0 0 0 0 0 0 329527 0 -21 -533 1228 0 0 0 319870 0 0 541824 518173 20012 -9686 0 101506 0 0 0 0 0 0 0 0 0 0 0 0
22:05:26:16:09:06 0 0 0 0 0 0 0 0 0 0 0 0 0 0 0 329605 0 -18 -530 1224 0 0 0 319719 0 0 541798 518197 20012 -9687 0 101505 0 0 0 0 0 0 0 0 0 0 0 0
22:05:26:16:09:07 0 0 0 0 0 0 0 0 0 0 0 0 0 0 0 329680 0 -20 -531 1225 0 0 0 319671 0 0 541772 518218 20019 -9684 0 101503 0 0 0 0 0 0 0 0 0 0 0 0
22:05:26:16:09:08 0 0 0 0 0 0 0 0 0 0 0 0 0 0 0 329760 0 -21 -530 1226 0 0 0 319622 0 0 541749 518236 20023 -9684 0 101505 0 0 0 0 0 0 0 0 0 0 0 0
22:05:26:16:09:08 0 0 0 0 0 0 0 0 0 0 0 0 0 0 0 329834 0 -19 -531 1226 0 0 0 319763 0 0 541736 518256 20018 -9684 0 101504 0 0 0 0 0 0 0 0 0 0 0 0
#id 347252
#ta 0000
22:05:26:16:09:09 0 0 0 0 0 0 0 0 0 0 0 0 0 0 0 329913 0 -21 -528 1229 0 0 0 319922 0 0 541713 518276 20018 -9681 0 101506 0 0 0 0 0 0 0 0 0 0 0 0
22:05:26:16:09:10 0 0 0 0 0 0 0 0 0 0 0 0 0 0 0 329989 0 -23 -530 1223 0 0 0 319979 0 0 541732 518288 20016 -9685 0 101505 0 0 0 0 0 0 0 0 0 0 0 0
22:05:26:16:09:10 0 0 0 0 0 0 0 0 0 0 0 0 0 0 0 330066 0 -19 -538 1228 0 0 0 320169 0 0 541761 518316 20018 -9685 0 101503 0 0 0 0 0 0 0 0 0 0 0 0
22:05:26:16:09:11 0 0 0 0 0 0 0 0 0 0 0 0 0 0 0 330147 0 -16 -537 1222 0 0 0 320406 0 0 541754 518333 20018 -9685 0 101505 0 0 0 0 0 0 0 0 0 0 0 0
22:05:26:16:09:12 0 0 0 0 0 0 0 0 0 0 0 0 0 0 0 330225 0 -18 -534 1220 0 0 0 320664 0 0 541743 518353 20020 -9685 0 101504 0 0 0 0 0 0 0 0 0 0 0 0
22:05:26:16:09:12 0 0 0 0 0 0 0 0 0 0 0 0 0 0 0 330299 0 -21 -536 1224 0 0 0 320874 0 0 541790 518377 20019 -9681 0 101505 0 0 0 0 0 0 0 0 0 0 0 0
22:05:26:16:09:13 0 0 0 0 0 0 0 0 0 0 0 0 0 0 0 330378 0 -19 -536 1222 0 0 0 320985 0 0 541863 518392 20019 -9684 0 101504 0 0 0 0 0 0 0 0 0 0 0 0
22:05:26:16:09:14 0 0 0 0 0 0 0 0 0 0 0 0 0 0 0 330458 0 -15 -536 1226 0 0 0 321040 0 0 541932 518411 20014 -9687 0 101502 0 0 0 0 0 0 0 0 0 0 0 0
22:05:26:16:09:15 0 0 0 0 0 0 0 0 0 0 0 0 0 0 0 330534 0 -15 -531 1230 0 0 0 321286 0 0 541933 518429 20017 -9684 0 101504 0 0 0 0 0 0 0 0 0 0 0 0
22:05:26:16:09:15 0 0 0 0 0 0 0 0 0 0 0 0 0 0 0 330615 0 -20 -535 1227 0 0 0 321694 0 0 541941 518447 20016 -9686 0 101503 0 0 0 0 0 0 0 0 0 0 0 0
22:05:26:16:09:16 0 0 0 0 0 0 0 0 0 0 0 0 0 0 0 330693 0 -15 -529 1225 0 0 0 322294 0 0 542026 518466 20024 -9689 0 101504 0 0 0 0 0 0 0 0 0 0 0 0
22:05:26:16:09:17 0 0 0 0 0 0 0 0 0 0 0 0 0 0 0 330775 0 -13 -535 1226 0 0 0 322888 0 0 542084 518478 20024 -9688 0 101503 0 0 0 0 0 0 0 0 0 0 0 0
22:05:26:16:09:17 0 0 0 0 0 0 0 0 0 0 0 0 0 0 0 330852 0 -21 -535 1227 0 0 0 323391 0 0 542146 518491 20027 -9687 0 101501 0 0 0 0 0 0 0 0 0 0 0 0
22:05:26:16:09:18 0 0 0 0 0 0 0 0 0 0 0 0 0 0 0 330930 0 -23 -535 1225 0 0 0 323901 0 0 542225 518511 20029 -9688 0 101506 0 0 0 0 0 0 0 0 0 0 0 0
22:05:26:16:09:19 0 0 0 0 0 0 0 0 0 0 0 0 0 0 0 331013 0 -20 -538 1220 0 0 0 324374 0 0 542479 518527 20022 -9689 0 101505 0 0 0 0 0 0 0 0 0 0 0 0
22:05:26:16:09:19 0 0 0 0 0 0 0 0 0 0 0 0 0 0 0 331093 0 -17 -536 1223 0 0 0 324744 0 0 542569 518541 20022 -9690 0 101504 0 0 0 0 0 0 0 0 0 0 0 0
22:05:26:16:09:20 0 0 0 0 0 0 0 0 0 0 0 0 0 0 0 331176 0 -17 -531 1222 0 0 0 324843 0 0 542638 518546 20024 -9688 0 101505 0 0 0 0 0 0 0 0 0 0 0 0
22:05:26:16:09:21 0 0 0 0 0 0 0 0 0 0 0 0 0 0 0 331255 0 -15 -542 1226 0 0 0 325210 0 0 542796 518558 20027 -9690 0 101504 0 0 0 0 0 0 0 0 0 0 0 0
22:05:26:16:09:22 0 0 0 0 0 0 0 0 0 0 0 0 0 0 0 331333 0 -15 -534 1219 0 0 0 325530 0 0 542850 518571 20024 -9689 0 101505 0 0 0 0 0 0 0 0 0 0 0 0
22:05:26:16:09:22 0 0 0 0 0 0 0 0 0 0 0 0 0 0 0 331414 0 -12 -537 1227 0 0 0 325763 0 0 542962 518585 20022 -9692 0 101504 0 0 0 0 0 0 0 0 0 0 0 0
22:05:26:16:09:23 0 0 0 0 0 0 0 0 0 0 0 0 0 0 0 331493 0 -17 -531 1234 0 0 0 325832 0 0 543048 518590 20019 -9690 0 101503 0 0 0 0 0 0 0 0 0 0 0 0
22:05:26:16:09:24 0 0 0 0 0 0 0 0 0 0 0 0 0 0 0 331575 0 -12 -530 1233 0 0 0 326017 0 0 543029 518601 20021 -9689 0 101504 0 0 0 0 0 0 0 0 0 0 0 0
22:05:26:16:09:24 0 0 0 0 0 0 0 0 0 0 0 0 0 0 0 331654 0 -14 -534 1235 0 0 0 326310 0 0 542988 518613 20022 -9692 0 101503 0 0 0 0 0 0 0 0 0 0 0 0
22:05:26:16:09:25 0 0 0 0 0 0 0 0 0 0 0 0 0 0 0 331733 0 -13 -531 1232 0 0 0 326235 0 0 542945 518622 20022 -9692 0 101504 0 0 0 0 0 0 0 0 0 0 0 0
22:05:26:16:09:26 0 0 0 0 0 0 0 0 0 0 0 0 0 0 0 331814 0 -15 -533 1228 0 0 0 325929 0 0 542894 518622 20021 -9688 0 101503 0 0 0 0 0 0 0 0 0 0 0 0
22:05:26:16:09:26 0 0 0 0 0 0 0 0 0 0 0 0 0 0 0 331896 0 -17 -535 1226 0 0 0 325574 0 0 542842 518623 20021 -9690 0 101505 0 0 0 0 0 0 0 0 0 0 0 0
22:05:26:16:09:27 0 0 0 0 0 0 0 0 0 0 0 0 0 0 0 331976 0 -14 -540 1225 0 0 0 325730 0 0 542797 518618 20022 -9687 0 101504 0 0 0 0 0 0 0 0 0 0 0 0
22:05:26:16:09:28 0 0 0 0 0 0 0 0 0 0 0 0 0 0 0 332055 0 -21 -534 1231 0 0 0 325354 0 0 542764 518619 20022 -9687 0 101502 0 0 0 0 0 0 0 0 0 0 0 0
22:05:26:16:09:29 0 0 0 0 0 0 0 0 0 0 0 0 0 0 0 332135 0 -16 -539 1226 0 0 0 324942 0 0 542719 518624 20021 -9686 0 101504 0 0 0 0 0 0 0 0 0 0 0 0
22:05:26:16:09:29 0 0 0 0 0 0 0 0 0 0 0 0 0 0 0 332216 0 -16 -534 1226 0 0 0 324496 0 0 542688 518626 20024 -9682 0 101503 0 0 0 0 0 0 0 0 0 0 0 0
22:05:26:16:09:30 0 0 0 0 0 0 0 0 0 0 0 0 0 0 0 332298 0 -12 -538 1222 0 0 0 324236 0 0 542656 518636 20025 -9682 0 101502 0 0 0 0 0 0 0 0 0 0 0 0
22:05:26:16:09:31 0 0 0 0 0 0 0 0 0 0 0 0 0 0 0 332380 0 -12 -537 1230 0 0 0 324341 0 0 542597 518644 20021 -9683 0 101506 0 0 0 0 0 0 0 0 0 0 0 0
22:05:26:16:09:31 0 0 0 0 0 0 0 0 0 0 0 0 0 0 0 332460 0 -11 -536 1227 0 0 0 324762 0 0 542567 518660 20023 -9681 0 101505 0 0 0 0 0 0 0 0 0 0 0 0
22:05:26:16:09:32 0 0 0 0 0 0 0 0 0 0 0 0 0 0 0 332545 0 -13 -537 1222 0 0 0 325082 0 0 542524 518670 20030 -9683 0 101506 0 0 0 0 0 0 0 0 0 0 0 0
22:05:26:16:09:33 0 0 0 0 0 0 0 0 0 0 0 0 0 0 0 332621 0 -20 -537 1225 0 0 0 325004 0 0 542478 518679 20025 -9682 0 101505 0 0 0 0 0 0 0 0 0 0 0 0
22:05:26:16:09:34 0 0 0 0 0 0 0 0 0 0 0 0 0 0 0 332706 0 -19 -536 1231 0 0 0 324725 0 0 542412 518691 20023 -9681 0 101504 0 0 0 0 0 0 0 0 0 0 0 0
22:05:26:16:09:34 0 0 0 0 0 0 0 0 0 0 0 0 0 0 0 332786 0 -18 -536 1225 0 0 0 324450 0 0 542358 518703 20024 -9680 0 101505 0 0 0 0 0 0 0 0 0 0 0 0
22:05:26:16:09:35 0 0 0 0 0 0 0 0 0 0 0 0 0 0 0 332867 0 -14 -541 1226 0 0 0 324233 0 0 542301 518717 20022 -9679 0 101504 0 0 0 0 0 0 0 0 0 0 0 0
22:05:26:16:09:36 0 0 0 0 0 0 0 0 0 0 0 0 0 0 0 332944 0 -15 -536 1225 0 0 0 323818 0 0 542247 518736 20032 -9677 0 101505 0 0 0 0 0 0 0 0 0 0 0 0
