

#mb 22:05:27:10:30:03 (start time)
#id 347252 (device id)
#ta 7221 (tia amplification, tia input channel, signal range, dsp mode)
#1t 2f [3vi_ma 4vi_mi 5mag 6pha 7vv_ma 8vv_mi 9cor][10vi_ma 11vi_mi 12mag 13pha 14vv_ma 15vv_mi 16cor][17t_pcb 18t_ther][19,20,21mag][22,23,24acc][25,26,27ext(t,light,hum)][28dv1 29dv2 30rf 31tr 32sp 33pr 34sm 35st 36lght 37empt 38empt 39empt 40empt 41empt 42empt 43empt 44empt 45empt]
22:05:27:10:30:04 4496 1235 -711 1246754750 899003 9855 -9798 -104 1297 -700 1184461125 898460 9876 -9750 -172 253755 0 250 -174 478 0 0 0 220819 -48171 -21551 491319 506751 19888 -461 0 101524 0 0 0 0 0 0 0 0 0 0 0 0
22:05:27:10:30:05 4595 1197 -707 1243534250 898632 9852 -9762 -137 1254 -697 1214186000 898704 9857 -9729 -141 254161 0 250 -173 482 0 0 0 220650 -86889 -86059 490821 507061 19883 0 0 101524 0 0 0 0 0 0 0 0 0 0 0 0
22:05:27:10:30:07 4699 1199 -706 1251532125 898456 9859 -9743 -156 1198 -724 1246350500 898274 9862 -9712 -174 254545 0 256 -176 488 0 0 0 220952 -87526 -87182 491138 506603 19896 12 0 101525 0 0 0 0 0 0 0 0 0 0 0 0
22:05:27:10:30:08 4807 1169 -696 1288970250 898559 9859 -9722 -143 1215 -709 1248581500 897956 9850 -9723 -212 254910 0 260 -174 489 0 0 0 221291 -87577 -87251 488453 504831 19896 9 0 101525 0 0 0 0 0 0 0 0 0 0 0 0
22:05:27:10:30:10 4901 1139 -704 1287733500 898526 9863 -9711 -143 1229 -707 1227872750 897991 9867 -9716 -211 255252 0 254 -173 487 0 0 0 221424 -87639 -87306 487150 504075 19885 10 0 101525 0 0 0 0 0 0 0 0 0 0 0 0
22:05:27:10:30:11 5000 1186 -705 1259248500 898272 9862 -9729 -177 1220 -712 1250211750 897677 9864 -9707 -242 255568 0 259 -179 490 0 0 0 221627 -87573 -87283 486448 503651 19895 10 0 101527 0 0 0 0 0 0 0 0 0 0 0 0
22:05:27:10:30:13 5102 1183 -718 1253297750 898079 9862 -9726 -196 1235 -723 1226466375 897385 9857 -9721 -277 255878 0 258 -175 490 0 0 0 221779 -87600 -87309 485566 503025 19895 8 0 101527 0 0 0 0 0 0 0 0 0 0 0 0
22:05:27:10:30:14 5208 1191 -688 1277395625 897621 9860 -9715 -244 1193 -723 1252478375 896917 9842 -9715 -311 256160 0 259 -179 488 0 0 0 221865 -87617 -87321 485827 502097 19903 9 0 101524 0 0 0 0 0 0 0 0 0 0 0 0
22:05:27:10:30:16 5296 1180 -670 1289119750 897426 9849 -9725 -261 1121 -686 1309280250 897468 9831 -9715 -248 256429 0 255 -174 481 0 0 0 221891 -87617 -87305 485883 502341 19913 10 0 101525 0 0 0 0 0 0 0 0 0 0 0 0
22:05:27:10:30:17 5411 1177 -699 1271525500 897716 9855 -9724 -231 1120 -687 1297763125 897484 9845 -9712 -245 256686 0 254 -177 484 0 0 0 221845 -87616 -87337 484994 501499 19896 13 0 101525 0 0 0 0 0 0 0 0 0 0 0 0
22:05:27:10:30:18 5506 1158 -689 1283701250 897629 9832 -9728 -235 1118 -678 1311608375 897975 9843 -9705 -196 256931 0 252 -172 486 0 0 0 221822 -87607 -87342 484452 501202 19918 12 0 101525 0 0 0 0 0 0 0 0 0 0 0 0
22:05:27:10:30:20 5605 1162 -683 1270426250 898049 9839 -9727 -193 1111 -675 1307791625 897971 9833 -9723 -195 257164 0 247 -170 480 0 0 0 222096 -87586 -87343 484302 500923 19915 13 0 101525 0 0 0 0 0 0 0 0 0 0 0 0
22:05:27:10:30:21 5707 1187 -699 1260896500 898431 9839 -9735 -157 1163 -675 1270297125 897830 9830 -9745 -218 257389 0 256 -177 482 0 0 0 221923 -87597 -87320 483615 500604 19913 10 0 101523 0 0 0 0 0 0 0 0 0 0 0 0
22:05:27:10:30:22 5787 1164 -705 1277237750 897674 9825 -9732 -226 1111 -664 1316809750 897253 9808 -9750 -256 257601 0 254 -173 478 0 0 0 222127 -87615 -87343 483790 500138 19920 14 0 101523 0 0 0 0 0 0 0 0 0 0 0 0
22:05:27:10:30:24 5896 1127 -678 1304802750 897701 9814 -9711 -217 1069 -655 1349336125 897610 9812 -9741 -218 257804 0 255 -176 488 0 0 0 222204 -87599 -87329 483972 499701 19911 10 0 101526 0 0 0 0 0 0 0 0 0 0 0 0
22:05:27:10:30:25 6009 1160 -693 1269185500 897851 9812 -9734 -209 1096 -674 1317964500 897712 9819 -9741 -214 258001 0 255 -176 480 0 0 0 222264 -87625 -87342 483401 499595 19923 12 0 101527 0 0 0 0 0 0 0 0 0 0 0 0
22:05:27:10:30:26 6097 1149 -697 1267623125 897528 9823 -9728 -239 1125 -655 1286802125 898202 9820 -9739 -169 258190 0 256 -181 478 0 0 0 222196 -87613 -87338 483728 499416 19911 13 0 101525 0 0 0 0 0 0 0 0 0 0 0 0
22:05:27:10:30:28 6188 1181 -695 1233567500 897546 9818 -9741 -245 1141 -691 1268365750 898079 9801 -9731 -185 258372 0 254 -180 484 0 0 0 222478 -87629 -87341 483262 499612 19909 12 0 101526 0 0 0 0 0 0 0 0 0 0 0 0
22:05:27:10:30:29 6313 1163 -683 1255269000 896752 9809 -9743 -318 1093 -689 1292244500 897881 9802 -9741 -194 258546 0 257 -178 485 0 0 0 222746 -87571 -87326 483289 499450 19913 12 0 101526 0 0 0 0 0 0 0 0 0 0 0 0
22:05:27:10:30:30 6410 1135 -693 1272178125 896850 9790 -9746 -302 1087 -668 1293447000 897780 9799 -9742 -203 258714 0 258 -180 488 0 0 0 222958 -87576 -87337 483459 499252 19906 11 0 101525 0 0 0 0 0 0 0 0 0 0 0 0
22:05:27:10:30:32 6510 1089 -688 1268889750 897205 9799 -9753 -261 1090 -705 1267797125 898057 9792 -9741 -178 258881 0 253 -180 488 0 0 0 222900 -87623 -87334 483012 499067 19912 13 0 101525 0 0 0 0 0 0 0 0 0 0 0 0
22:05:27:10:30:33 6613 1128 -687 1258997000 896816 9796 -9763 -310 1100 -695 1261041125 897595 9787 -9746 -225 259036 0 256 -176 489 0 0 0 222628 -87615 -87329 482692 498136 19936 12 0 101524 0 0 0 0 0 0 0 0 0 0 0 0
22:05:27:10:30:34 6684 1133 -689 1249263500 897469 9807 -9761 -246 1094 -708 1272733875 896495 9780 -9752 -325 259189 0 250 -180 488 0 0 0 222438 -87590 -87334 482521 497340 19917 15 0 101525 0 0 0 0 0 0 0 0 0 0 0 0
22:05:27:10:30:35 6793 1122 -690 1253853750 897309 9803 -9776 -258 1053 -671 1302582125 896230 9773 -9737 -334 259338 0 255 -179 482 0 0 0 222358 -87640 -87333 482800 496681 19917 13 0 101523 0 0 0 0 0 0 0 0 0 0 0 0
22:05:27:10:30:37 6906 1151 -697 1241170250 897096 9790 -9779 -286 1082 -668 1280244250 896916 9776 -9752 -277 259479 0 254 -180 485 0 0 0 222410 -87604 -87330 482169 496528 19918 12 0 101524 0 0 0 0 0 0 0 0 0 0 0 0
22:05:27:10:30:38 6983 1101 -691 1264605625 896748 9784 -9768 -303 1154 -686 1242916875 897240 9785 -9770 -262 259618 0 252 -174 483 0 0 0 222668 -87593 -87337 481375 496572 19929 11 0 101522 0 0 0 0 0 0 0 0 0 0 0 0
22:05:27:10:30:39 7102 1093 -681 1272318125 896837 9786 -9773 -293 1100 -678 1270857750 897093 9782 -9752 -264 259751 0 253 -179 484 0 0 0 222952 -87595 -87347 480915 496223 19912 13 0 101526 0 0 0 0 0 0 0 0 0 0 0 0
22:05:27:10:30:40 7183 1099 -659 1261202750 896784 9782 -9767 -300 1060 -662 1295867250 897062 9785 -9747 -259 259883 0 255 -181 482 0 0 0 223421 -87634 -87330 480683 495976 19916 11 0 101524 0 0 0 0 0 0 0 0 0 0 0 0
22:05:27:10:30:42 7309 1121 -667 1245520250 896862 9794 -9773 -298 1034 -671 1307613625 896901 9779 -9745 -268 260008 0 255 -184 487 0 0 0 223786 -87599 -87358 480961 494812 19919 13 0 101525 0 0 0 0 0 0 0 0 0 0 0 0
22:05:27:10:30:43 7396 1134 -685 1234500625 896621 9793 -9768 -327 1090 -684 1271787000 896710 9782 -9749 -304 260131 0 255 -182 485 0 0 0 224128 -87562 -87330 480349 495246 19911 13 0 101524 0 0 0 0 0 0 0 0 0 0 0 0
22:05:27:10:30:44 7485 1147 -689 1225965125 896640 9800 -9764 -329 1122 -689 1256366875 896719 9799 -9747 -313 260252 0 251 -181 484 0 0 0 224484 -87588 -87357 480032 494990 19909 12 0 101525 0 0 0 0 0 0 0 0 0 0 0 0
22:05:27:10:30:45 7621 1159 -691 1220007125 896748 9798 -9771 -321 1098 -668 1276711125 897046 9796 -9734 -278 260363 0 255 -178 484 0 0 0 224702 -87598 -87358 479629 494699 19927 10 0 101524 0 0 0 0 0 0 0 0 0 0 0 0
22:05:27:10:30:47 7716 1162 -712 1223194875 896981 9800 -9755 -299 1089 -678 1280125750 896633 9786 -9735 -312 260474 0 251 -178 482 0 0 0 225039 -87637 -87363 479650 494548 19914 14 0 101524 0 0 0 0 0 0 0 0 0 0 0 0
22:05:27:10:30:48 7812 1154 -703 1219618500 896545 9797 -9755 -339 1090 -673 1277230125 896358 9781 -9739 -338 260581 0 251 -178 484 0 0 0 225332 -87643 -87354 479387 494638 19904 12 0 101522 0 0 0 0 0 0 0 0 0 0 0 0
22:05:27:10:30:49 7911 1102 -689 1238141000 896103 9781 -9754 -361 1113 -675 1251426250 896569 9793 -9739 -325 260682 0 252 -183 476 0 0 0 225517 -87590 -87333 479331 493951 19907 9 0 101523 0 0 0 0 0 0 0 0 0 0 0 0
22:05:27:10:30:50 8012 1149 -693 1224524875 896043 9784 -9757 -384 1121 -672 1232417875 896708 9793 -9758 -313 260785 0 253 -175 483 0 0 0 225704 -87595 -87327 478615 494361 19914 10 0 101522 0 0 0 0 0 0 0 0 0 0 0 0
22:05:27:10:30:51 8116 1099 -684 1263176375 895710 9780 -9733 -396 1111 -664 1241683750 896554 9795 -9752 -325 260880 0 249 -179 482 0 0 0 225853 -87598 -87330 479548 493714 19963 10 0 101523 0 0 0 0 0 0 0 0 0 0 0 0
22:05:27:10:30:53 8223 1081 -705 1265620750 895536 9787 -9729 -407 1108 -691 1251584250 896316 9789 -9738 -347 260974 0 255 -179 480 0 0 0 225652 -87585 -87318 479542 493287 19910 9 0 101522 0 0 0 0 0 0 0 0 0 0 0 0
22:05:27:10:30:54 8278 1096 -707 1258675750 895711 9783 -9723 -397 1105 -695 1258253375 895949 9774 -9734 -380 261062 0 255 -172 485 0 0 0 225433 -87559 -87324 479143 492901 19908 9 0 101524 0 0 0 0 0 0 0 0 0 0 0 0
22:05:27:10:30:55 8389 1059 -675 1280886250 895465 9777 -9721 -405 1098 -715 1268684000 896061 9777 -9739 -368 261153 0 255 -182 480 0 0 0 225393 -87572 -87317 477908 493530 19904 11 0 101523 0 0 0 0 0 0 0 0 0 0 0 0
22:05:27:10:30:56 8503 1064 -673 1271321625 895870 9782 -9725 -371 1054 -692 1301466125 895186 9772 -9723 -424 261241 0 257 -181 478 0 0 0 225523 -87580 -87336 478922 492353 19901 11 0 101521 0 0 0 0 0 0 0 0 0 0 0 0
22:05:27:10:30:57 8620 1068 -676 1281741250 895906 9788 -9710 -370 1090 -687 1254839875 895593 9792 -9735 -401 261321 0 252 -182 484 0 0 0 225696 -87617 -87339 477537 492524 19910 11 0 101526 0 0 0 0 0 0 0 0 0 0 0 0
22:05:27:10:30:58 8680 1058 -689 1287575875 895864 9784 -9704 -371 1102 -670 1254191000 895689 9787 -9730 -399 261402 0 257 -183 484 0 0 0 225837 -87579 -87345 477374 492371 19902 13 0 101524 0 0 0 0 0 0 0 0 0 0 0 0
22:05:27:10:31:00 8802 1049 -694 1290475000 895855 9790 -9709 -370 1083 -663 1258468500 895322 9783 -9731 -426 261479 0 254 -180 483 0 0 0 225750 -87627 -87367 477646 491321 19991 14 0 101523 0 0 0 0 0 0 0 0 0 0 0 0
22:05:27:10:31:01 8928 1068 -696 1274570000 896034 9785 -9712 -360 1069 -675 1258444625 895922 9789 -9713 -369 261556 0 256 -184 480 0 0 0 225693 -87625 -87360 476558 492109 19905 12 0 101524 0 0 0 0 0 0 0 0 0 0 0 0
22:05:27:10:31:02 8992 1100 -686 1247211625 896120 9787 -9719 -362 1052 -696 1295189250 895715 9783 -9693 -382 261628 0 253 -178 484 0 0 0 225659 -87587 -87329 476971 490641 19902 11 0 101523 0 0 0 0 0 0 0 0 0 0 0 0
22:05:27:10:31:03 9124 1058 -684 1270440125 896310 9787 -9713 -333 1087 -716 1279729875 896186 9790 -9709 -348 261704 0 256 -181 484 0 0 0 225859 -87576 -87342 477150 489688 19923 12 0 101522 0 0 0 0 0 0 0 0 0 0 0 0
22:05:27:10:31:04 9191 1063 -669 1257572625 896277 9787 -9729 -338 1090 -686 1271957250 895850 9771 -9722 -382 261774 0 257 -182 480 0 0 0 225936 -87606 -87354 476974 489031 19907 12 0 101524 0 0 0 0 0 0 0 0 0 0 0 0
22:05:27:10:31:05 9328 1041 -682 1275382250 896031 9782 -9726 -351 1140 -701 1243048250 895807 9785 -9720 -405 261842 0 250 -185 483 0 0 0 225960 -87586 -87324 475963 489062 19942 11 0 101523 0 0 0 0 0 0 0 0 0 0 0 0
22:05:27:10:31:06 9398 1022 -676 1289017500 895563 9770 -9716 -383 1101 -675 1264753000 894835 9783 -9711 -476 261908 0 251 -181 486 0 0 0 225855 -87626 -87357 475636 488581 19911 13 0 101522 0 0 0 0 0 0 0 0 0 0 0 0
22:05:27:10:31:08 9469 1099 -687 1258596000 896079 9782 -9735 -358 1118 -670 1253482250 895546 9789 -9710 -416 261992 0 257 -185 483 0 0 0 225777 -87378 -87126 475567 487316 19909 15 0 101523 0 0 0 0 0 0 0 0 0 0 0 0
22:05:27:10:31:09 9615 1133 -690 1238293000 896107 9799 -9745 -370 1115 -699 1255906875 895964 9793 -9720 -378 262078 0 254 -175 477 0 0 0 225954 -87349 -87114 475434 486629 19908 14 0 101522 0 0 0 0 0 0 0 0 0 0 0 0
22:05:27:10:31:11 9689 1145 -697 1236518250 896283 9814 -9734 -358 1096 -691 1282471500 896221 9796 -9719 -350 262157 0 252 -181 480 0 0 0 226010 -87351 -87106 474162 486446 19917 10 0 101520 0 0 0 0 0 0 0 0 0 0 0 0
22:05:27:10:31:12 9765 1197 -696 1220363375 896428 9817 -9739 -360 1085 -675 1284478625 896501 9804 -9732 -323 262237 0 255 -184 482 0 0 0 225950 -87335 -87108 474864 484858 19907 10 0 101521 0 0 0 0 0 0 0 0 0 0 0 0
22:05:27:10:31:13 9920 1235 -710 1200330250 896695 9819 -9743 -343 1126 -703 1247902250 896560 9811 -9734 -329 262309 0 255 -178 482 0 0 0 226070 -87347 -87123 474672 483999 19902 14 0 101520 0 0 0 0 0 0 0 0 0 0 0 0
22:05:27:10:31:15 10000 1156 -700 1252373875 896907 9810 -9736 -305 1119 -699 1262150000 896678 9805 -9725 -316 262381 0 254 -178 482 0 0 0 226317 -87398 -87111 473800 484066 19931 12 0 101519 0 0 0 0 0 0 0 0 0 0 0 0
22:05:27:10:31:16 10080 1205 -712 1237776750 896889 9809 -9741 -320 1149 -707 1251155625 896749 9801 -9728 -318 262460 0 256 -181 480 0 0 0 226615 -87348 -87089 473766 482715 19909 14 0 101522 0 0 0 0 0 0 0 0 0 0 0 0
22:05:27:10:31:18 10204 1192 -700 1247510000 896942 9810 -9729 -311 1185 -719 1233816875 896754 9804 -9718 -328 262529 0 258 -181 480 0 0 0 226507 -87397 -87125 473223 481881 19909 12 0 101520 0 0 0 0 0 0 0 0 0 0 0 0
22:05:27:10:31:19 10288 1163 -692 1262309125 896972 9805 -9722 -301 1181 -687 1253769750 896694 9805 -9708 -333 262603 0 262 -176 480 0 0 0 226725 -87377 -87123 473445 480430 19900 10 0 101519 0 0 0 0 0 0 0 0 0 0 0 0
22:05:27:10:31:21 10416 1148 -695 1257966125 896656 9800 -9721 -327 1185 -708 1244567625 896600 9805 -9703 -344 262674 0 258 -182 477 0 0 0 226986 -87377 -87102 471860 480831 19910 10 0 101521 0 0 0 0 0 0 0 0 0 0 0 0
22:05:27:10:31:22 10504 1163 -705 1250110500 896395 9794 -9720 -358 1135 -730 1265434875 896543 9792 -9707 -334 262740 0 257 -182 478 0 0 0 226793 -87415 -87139 471757 479805 19913 13 0 101520 0 0 0 0 0 0 0 0 0 0 0 0
22:05:27:10:31:23 10593 1211 -696 1205108125 896360 9816 -9712 -377 1107 -712 1266846875 896479 9788 -9706 -331 262805 0 257 -185 484 0 0 0 226574 -87394 -87134 471413 479438 19907 13 0 101518 0 0 0 0 0 0 0 0 0 0 0 0
22:05:27:10:31:25 10683 1197 -708 1221140000 896565 9812 -9715 -352 1118 -704 1253548500 896354 9798 -9721 -347 262873 0 254 -177 485 0 0 0 226649 -87410 -87136 472320 477910 19898 12 0 101523 0 0 0 0 0 0 0 0 0 0 0 0
22:05:27:10:31:26 10822 1208 -716 1213533125 896617 9815 -9719 -350 1175 -697 1225009000 896535 9811 -9734 -345 262935 0 252 -182 477 0 0 0 226827 -87358 -87125 471450 478012 19904 11 0 101522 0 0 0 0 0 0 0 0 0 0 0 0
22:05:27:10:31:28 10917 1234 -701 1200690750 896635 9818 -9719 -356 1103 -685 1289612250 896328 9795 -9714 -341 263004 0 250 -184 483 0 0 0 227040 -87374 -87125 471545 477623 19903 11 0 101521 0 0 0 0 0 0 0 0 0 0 0 0
22:05:27:10:31:29 11013 1260 -729 1204583500 896615 9815 -9709 -365 1154 -691 1264111875 896672 9803 -9702 -321 263071 0 258 -182 473 0 0 0 227414 -87406 -87148 474515 478963 19899 13 0 101522 0 0 0 0 0 0 0 0 0 0 0 0
22:05:27:10:31:30 11111 1251 -717 1200062500 896886 9814 -9699 -334 1175 -690 1238819875 896774 9814 -9716 -318 263132 0 256 -183 480 0 0 0 227628 -87381 -87116 468669 472788 19915 9 0 101521 0 0 0 0 0 0 0 0 0 0 0 0
22:05:27:10:31:32 11210 1337 -721 1166958750 896906 9817 -9710 -354 1192 -678 1221931375 896772 9811 -9714 -325 263196 0 255 -180 477 0 0 0 227805 -87389 -87122 465710 468635 19917 11 0 101520 0 0 0 0 0 0 0 0 0 0 0 0
22:05:27:10:31:33 11312 1315 -715 1166363625 896530 9808 -9695 -388 1211 -675 1237902000 896637 9798 -9697 -345 263258 0 253 -187 486 0 0 0 228120 -87407 -87120 463781 465784 19919 14 0 101521 0 0 0 0 0 0 0 0 0 0 0 0
22:05:27:10:31:34 11415 1259 -725 1187416250 896294 9804 -9703 -395 1135 -719 1261357500 896527 9795 -9697 -333 263316 0 255 -184 477 0 0 0 228302 -87359 -87118 461744 463798 19910 11 0 101520 0 0 0 0 0 0 0 0 0 0 0 0
22:05:27:10:31:36 11520 1239 -734 1199594000 896122 9815 -9711 -408 1110 -716 1271990000 896245 9789 -9693 -351 263377 0 258 -186 477 0 0 0 228619 -87403 -87125 461259 461041 19916 14 0 101518 0 0 0 0 0 0 0 0 0 0 0 0
22:05:27:10:31:37 11574 1257 -734 1184946625 896354 9816 -9710 -389 1105 -709 1263778875 896399 9786 -9700 -336 263437 0 252 -178 481 0 0 0 228922 -87409 -87129 460176 460587 19906 12 0 101520 0 0 0 0 0 0 0 0 0 0 0 0
22:05:27:10:31:39 11682 1242 -746 1189372875 895929 9813 -9702 -429 1114 -702 1264642875 896516 9791 -9686 -329 263500 0 252 -180 479 0 0 0 229281 -87361 -87144 459294 460021 19906 15 0 101518 0 0 0 0 0 0 0 0 0 0 0 0
22:05:27:10:31:40 11792 1250 -747 1176178000 896035 9829 -9704 -422 1130 -704 1248711000 896367 9791 -9700 -349 263560 0 254 -185 477 0 0 0 229442 -87414 -87146 458920 458979 19910 15 0 101517 0 0 0 0 0 0 0 0 0 0 0 0
22:05:27:10:31:41 11904 1256 -759 1180672375 896070 9818 -9698 -420 1179 -707 1219042875 896490 9807 -9692 -351 263615 0 252 -180 477 0 0 0 229380 -87383 -87142 458299 458421 19912 12 0 101519 0 0 0 0 0 0 0 0 0 0 0 0
22:05:27:10:31:43 12019 1233 -748 1194592500 896098 9811 -9695 -410 1172 -723 1219072625 896395 9802 -9703 -359 263674 0 253 -181 478 0 0 0 229251 -87381 -87169 458194 457685 19914 13 0 101517 0 0 0 0 0 0 0 0 0 0 0 0
22:05:27:10:31:44 12077 1214 -740 1188587875 895885 9814 -9707 -425 1173 -755 1229112750 896211 9803 -9697 -379 263732 0 256 -182 483 0 0 0 229190 -87389 -87136 457533 457657 19913 10 0 101516 0 0 0 0 0 0 0 0 0 0 0 0
22:05:27:10:31:45 12195 1163 -752 1215622625 895767 9806 -9700 -418 1172 -721 1236946375 896229 9790 -9703 -376 263790 0 257 -181 480 0 0 0 229347 -87383 -87131 457320 457021 19914 10 0 101518 0 0 0 0 0 0 0 0 0 0 0 0
22:05:27:10:31:46 12315 1142 -755 1216221125 895768 9808 -9701 -411 1186 -708 1216814750 896204 9799 -9711 -384 263843 0 253 -178 476 0 0 0 229187 -87412 -87154 456509 456648 19939 12 0 101517 0 0 0 0 0 0 0 0 0 0 0 0
22:05:27:10:31:48 12376 1115 -766 1232135750 895910 9808 -9697 -389 1171 -750 1218878375 896077 9806 -9683 -392 263901 0 252 -185 474 0 0 0 229254 -87420 -87157 456504 456459 19910 14 0 101516 0 0 0 0 0 0 0 0 0 0 0 0
22:05:27:10:31:49 12500 1158 -743 1207129625 895866 9813 -9702 -409 1175 -763 1204634500 895843 9807 -9693 -417 263958 0 256 -177 476 0 0 0 229384 -87449 -87169 455841 455569 19911 15 0 101517 0 0 0 0 0 0 0 0 0 0 0 0
22:05:27:10:31:50 12626 1182 -725 1186783250 895966 9802 -9703 -407 1171 -743 1194297375 895801 9816 -9688 -420 264015 0 252 -186 471 0 0 0 229392 -87399 -87121 478420 472093 19931 13 0 101517 0 0 0 0 0 0 0 0 0 0 0 0
22:05:27:10:31:52 12690 1195 -739 1183348375 895979 9799 -9703 -410 1184 -732 1189401500 895721 9809 -9701 -433 264070 0 253 -182 477 0 0 0 229447 -87386 -87141 496923 494117 19894 12 0 101516 0 0 0 0 0 0 0 0 0 0 0 0
22:05:27:10:31:53 12820 1191 -730 1194446250 895765 9797 -9698 -430 1227 -742 1165637500 895619 9804 -9694 -460 264123 0 253 -181 472 0 0 0 229563 -87419 -87131 505922 504226 19911 12 0 101515 0 0 0 0 0 0 0 0 0 0 0 0
22:05:27:10:31:54 12886 1188 -729 1193513375 895733 9808 -9695 -433 1223 -725 1163295750 895872 9810 -9692 -432 264178 0 253 -184 475 0 0 0 229907 -87410 -87142 507010 505886 19895 13 0 101519 0 0 0 0 0 0 0 0 0 0 0 0
22:05:27:10:31:56 13020 1093 -723 1259468500 895871 9789 -9692 -387 1202 -730 1173203625 895992 9814 -9694 -413 264230 0 252 -178 475 0 0 0 230279 -87377 -87151 508118 506565 19890 11 0 101518 0 0 0 0 0 0 0 0 0 0 0 0
22:05:27:10:31:57 13089 1096 -729 1255423125 895261 9799 -9690 -446 1199 -721 1180761875 896130 9802 -9701 -397 264284 0 252 -178 476 0 0 0 230602 -87383 -87141 509504 508219 19898 12 0 101517 0 0 0 0 0 0 0 0 0 0 0 0
22:05:27:10:31:58 13227 1134 -723 1234934875 895216 9803 -9688 -465 1187 -737 1192402750 895748 9803 -9701 -431 264339 0 252 -180 481 0 0 0 231049 -87400 -87146 509202 507919 19891 13 0 101519 0 0 0 0 0 0 0 0 0 0 0 0
22:05:27:10:31:59 13297 1174 -728 1227083500 895551 9802 -9701 -445 1174 -745 1197461000 895507 9795 -9687 -449 264391 0 254 -181 475 0 0 0 231354 -87418 -87155 508201 507504 19906 11 0 101518 0 0 0 0 0 0 0 0 0 0 0 0
22:05:27:10:32:01 13368 1203 -737 1211114500 895295 9801 -9697 -485 1172 -731 1207255625 895208 9790 -9678 -478 264445 0 255 -183 482 0 0 0 231583 -87372 -87158 507761 506644 19899 13 0 101517 0 0 0 0 0 0 0 0 0 0 0 0
22:05:27:10:32:02 13513 1185 -718 1209127125 895589 9795 -9680 -448 1179 -712 1193933250 895143 9791 -9682 -488 264499 0 248 -180 487 0 0 0 231638 -87428 -87191 507364 506932 19891 14 0 101518 0 0 0 0 0 0 0 0 0 0 0 0
22:05:27:10:32:03 13586 1125 -738 1241155500 895727 9793 -9659 -413 1205 -717 1173525250 895000 9800 -9675 -515 264551 0 260 -178 481 0 0 0 231579 -87376 -87168 507112 505575 19900 14 0 101518 0 0 0 0 0 0 0 0 0 0 0 0
22:05:27:10:32:05 13736 1160 -728 1215270500 895433 9798 -9673 -457 1221 -732 1168612250 895237 9803 -9683 -496 264605 0 252 -160 482 0 0 0 231501 -87394 -87164 506851 506150 19903 14 0 101517 0 0 0 0 0 0 0 0 0 0 0 0
22:05:27:10:32:06 13812 1176 -727 1195461750 895227 9787 -9682 -482 1205 -766 1182755250 895517 9810 -9680 -462 264660 0 232 -160 482 0 0 0 231399 -87405 -87152 506654 505985 19901 13 0 101519 0 0 0 0 0 0 0 0 0 0 0 0
22:05:27:10:32:07 13888 1174 -714 1202247125 895260 9797 -9687 -478 1139 -745 1208299000 895138 9795 -9677 -468 264713 0 231 -164 480 0 0 0 231141 -87409 -87145 506665 504802 19908 15 0 101518 0 0 0 0 0 0 0 0 0 0 0 0
22:05:27:10:32:08 13966 1162 -716 1204440000 895398 9796 -9683 -459 1177 -725 1205340750 895408 9798 -9684 -456 264765 0 238 -160 484 0 0 0 231110 -87383 -87152 505528 504803 19902 13 0 101517 0 0 0 0 0 0 0 0 0 0 0 0
22:05:27:10:32:10 14124 1173 -725 1200298625 895482 9795 -9694 -454 1220 -748 1192749625 895814 9811 -9694 -429 264831 0 235 -162 477 0 0 0 230790 -87274 -87004 505747 503756 19905 13 0 101516 0 0 0 0 0 0 0 0 0 0 0 0
22:05:27:10:32:11 14204 1207 -748 1181268000 895541 9804 -9692 -460 1191 -752 1210823750 895814 9811 -9696 -421 264893 0 231 -158 486 0 0 0 230833 -87233 -87005 505339 502720 19900 13 0 101518 0 0 0 0 0 0 0 0 0 0 0 0
22:05:27:10:32:12 14285 1225 -796 1172379250 895562 9810 -9709 -465 1234 -759 1174413125 895850 9815 -9688 -434 264955 0 236 -158 487 0 0 0 230743 -87259 -87010 505402 502301 19902 13 0 101517 0 0 0 0 0 0 0 0 0 0 0 0
22:05:27:10:32:14 14367 1264 -785 1165437125 895765 9822 -9706 -457 1229 -736 1176906750 895736 9822 -9692 -446 265023 0 239 -155 477 0 0 0 230894 -87276 -86994 504923 501906 19890 10 0 101519 0 0 0 0 0 0 0 0 0 0 0 0
22:05:27:10:32:15 14534 1227 -770 1183758875 895765 9817 -9695 -443 1262 -718 1176542125 895772 9809 -9690 -454 265086 0 235 -158 485 0 0 0 231204 -87247 -87001 505006 500567 19905 12 0 101518 0 0 0 0 0 0 0 0 0 0 0 0
22:05:27:10:32:17 14619 1245 -741 1159481625 895846 9824 -9694 -441 1281 -718 1162349000 895897 9819 -9693 -448 265149 0 236 -157 488 0 0 0 231490 -87260 -86998 504119 500370 19901 13 0 101517 0 0 0 0 0 0 0 0 0 0 0 0
22:05:27:10:32:18 14705 1204 -725 1179506000 895734 9824 -9687 -438 1223 -727 1181260375 895599 9817 -9694 -456 265212 0 238 -161 483 0 0 0 231969 -87274 -87005 505017 499222 19897 12 0 101518 0 0 0 0 0 0 0 0 0 0 0 0
22:05:27:10:32:20 14792 1265 -732 1154011500 895866 9822 -9696 -445 1232 -734 1182103375 895503 9814 -9710 -471 265275 0 234 -164 482 0 0 0 232466 -87239 -86968 504029 499381 19892 9 0 101517 0 0 0 0 0 0 0 0 0 0 0 0
22:05:27:10:32:21 14880 1283 -753 1154233250 895781 9821 -9697 -461 1280 -720 1176417000 895620 9828 -9697 -477 265338 0 236 -160 483 0 0 0 232870 -87228 -87001 503710 498915 19896 10 0 101517 0 0 0 0 0 0 0 0 0 0 0 0
22:05:27:10:32:23 14970 1241 -779 1177592625 895569 9819 -9694 -467 1281 -745 1166896875 895477 9826 -9693 -494 265398 0 236 -162 482 0 0 0 232793 -87260 -87009 503685 497973 19894 16 0 101521 0 0 0 0 0 0 0 0 0 0 0 0
22:05:27:10:32:24 15060 1246 -764 1153668875 895384 9822 -9702 -491 1284 -738 1167187250 895488 9825 -9686 -495 265460 0 237 -158 479 0 0 0 232386 -87277 -87007 502402 498283 19898 15 0 101519 0 0 0 0 0 0 0 0 0 0 0 0
22:05:27:10:32:26 15243 1242 -756 1156527375 895570 9817 -9694 -469 1288 -737 1163324750 895707 9821 -9709 -472 265520 0 231 -163 481 0 0 0 232112 -87288 -87024 503905 497315 19890 14 0 101518 0 0 0 0 0 0 0 0 0 0 0 0
22:05:27:10:32:27 15337 1248 -762 1161794625 895415 9820 -9692 -489 1234 -778 1175617750 895294 9821 -9702 -492 265574 0 234 -162 480 0 0 0 231988 -87300 -87018 507308 497984 19912 11 0 101520 0 0 0 0 0 0 0 0 0 0 0 0
22:05:27:10:32:28 15432 1261 -770 1170185875 895461 9822 -9686 -490 1205 -763 1184434500 895057 9812 -9691 -504 265630 0 230 -160 475 0 0 0 231717 -87269 -87026 508748 497682 19900 13 0 101519 0 0 0 0 0 0 0 0 0 0 0 0
22:05:27:10:32:30 15527 1287 -767 1162339000 895633 9822 -9695 -480 1213 -750 1181685750 895015 9808 -9681 -513 265690 0 229 -158 474 0 0 0 231526 -87249 -87001 508742 495045 19904 10 0 101518 0 0 0 0 0 0 0 0 0 0 0 0
22:05:27:10:32:31 15625 1241 -774 1170007625 895546 9818 -9693 -471 1248 -762 1170799500 895115 9808 -9674 -518 265744 0 236 -162 474 0 0 0 231057 -87269 -87010 508926 497881 19904 13 0 101520 0 0 0 0 0 0 0 0 0 0 0 0
22:05:27:10:32:33 15723 1189 -762 1207315125 895283 9810 -9681 -476 1282 -776 1170365250 895215 9816 -9674 -522 265795 0 230 -166 484 0 0 0 230645 -87265 -87019 500381 495749 19902 12 0 101519 0 0 0 0 0 0 0 0 0 0 0 0
22:05:27:10:32:34 15822 1147 -761 1241592750 895198 9795 -9669 -467 1293 -777 1156194000 895284 9824 -9692 -520 265850 0 237 -156 483 0 0 0 230565 -87309 -87025 507932 494395 19908 11 0 101518 0 0 0 0 0 0 0 0 0 0 0 0
22:05:27:10:32:35 15923 1123 -767 1235639375 894742 9799 -9674 -500 1239 -756 1174319625 894870 9820 -9695 -538 265902 0 240 -161 477 0 0 0 230729 -87289 -87015 502791 496209 19899 10 0 101519 0 0 0 0 0 0 0 0 0 0 0 0
22:05:27:10:32:37 16025 1120 -793 1224875125 894994 9806 -9663 -476 1240 -758 1165955375 894946 9820 -9679 -532 265954 0 242 -164 486 0 0 0 230956 -87287 -87039 509685 496044 19899 15 0 101518 0 0 0 0 0 0 0 0 0 0 0 0
22:05:27:10:32:38 16129 1131 -800 1237097750 894840 9787 -9670 -496 1223 -770 1172448875 894863 9803 -9680 -533 266002 0 237 -161 476 0 0 0 231056 -87281 -87025 507411 493288 19902 13 0 101517 0 0 0 0 0 0 0 0 0 0 0 0
22:05:27:10:32:40 16233 1135 -791 1227227375 894747 9788 -9670 -508 1219 -755 1176977375 894993 9805 -9682 -520 266050 0 236 -159 482 0 0 0 231035 -87256 -87018 501641 494284 19896 10 0 101516 0 0 0 0 0 0 0 0 0 0 0 0
22:05:27:10:32:41 16339 1142 -761 1210826000 894637 9798 -9670 -523 1245 -760 1167492000 895106 9816 -9689 -519 266098 0 237 -162 478 0 0 0 231246 -87237 -87030 510145 495091 19904 12 0 101518 0 0 0 0 0 0 0 0 0 0 0 0
22:05:27:10:32:42 16447 1178 -756 1213715000 894913 9801 -9669 -510 1257 -787 1159833625 895243 9819 -9692 -510 266145 0 236 -159 488 0 0 0 231297 -87215 -87011 504397 493926 19897 14 0 101518 0 0 0 0 0 0 0 0 0 0 0 0
22:05:27:10:32:44 16556 1187 -745 1191714000 894544 9808 -9670 -553 1248 -789 1158628750 895132 9815 -9690 -518 266192 0 236 -163 480 0 0 0 231242 -87233 -86983 505136 493454 19898 10 0 101517 0 0 0 0 0 0 0 0 0 0 0 0
22:05:27:10:32:45 16666 1182 -720 1200703000 894304 9809 -9670 -575 1256 -793 1164119375 895207 9816 -9692 -514 266240 0 235 -159 482 0 0 0 231061 -87239 -87002 493718 490867 19903 11 0 101518 0 0 0 0 0 0 0 0 0 0 0 0
22:05:27:10:32:47 16778 1147 -738 1207093250 894443 9803 -9664 -545 1262 -781 1158386750 895213 9815 -9698 -516 266286 0 235 -159 478 0 0 0 231149 -87273 -87021 495263 489399 19893 11 0 101517 0 0 0 0 0 0 0 0 0 0 0 0
22:05:27:10:32:48 16891 1164 -770 1182255250 894394 9805 -9661 -558 1256 -791 1149619375 895150 9815 -9700 -520 266333 0 238 -160 484 0 0 0 231367 -87250 -87027 495226 489087 19908 12 0 101517 0 0 0 0 0 0 0 0 0 0 0 0
22:05:27:10:32:49 17006 1150 -789 1196733875 894098 9806 -9667 -580 1285 -792 1149123750 895080 9817 -9702 -541 266375 0 232 -159 479 0 0 0 231548 -87296 -87048 496731 488173 19894 13 0 101516 0 0 0 0 0 0 0 0 0 0 0 0
22:05:27:10:32:51 17123 1175 -758 1197850500 894456 9796 -9671 -554 1248 -786 1158843750 894816 9809 -9692 -551 266421 0 237 -158 482 0 0 0 231854 -87302 -87048 497334 487682 19898 15 0 101515 0 0 0 0 0 0 0 0 0 0 0 0
22:05:27:10:32:52 17241 1191 -730 1181791375 894614 9808 -9670 -547 1241 -785 1160723500 894944 9803 -9694 -535 266464 0 233 -162 493 0 0 0 231946 -87282 -87044 497005 487801 19900 11 0 101517 0 0 0 0 0 0 0 0 0 0 0 0
22:05:27:10:32:53 17361 1175 -734 1199595750 894358 9809 -9655 -565 1268 -782 1150525375 894950 9815 -9688 -547 266506 0 231 -156 480 0 0 0 232040 -87273 -87051 496912 487355 19904 13 0 101517 0 0 0 0 0 0 0 0 0 0 0 0
22:05:27:10:32:55 17482 1228 -749 1164885250 894662 9823 -9678 -556 1243 -782 1144963750 894884 9813 -9691 -543 266545 0 236 -158 480 0 0 0 232068 -87317 -87030 496098 487703 19894 10 0 101516 0 0 0 0 0 0 0 0 0 0 0 0
22:05:27:10:32:56 17605 1203 -751 1167138750 894572 9825 -9685 -556 1278 -771 1129165125 894794 9834 -9685 -571 266582 0 237 -159 474 0 0 0 232306 -87302 -87027 495876 487275 19908 8 0 101515 0 0 0 0 0 0 0 0 0 0 0 0
22:05:27:10:32:57 17730 1219 -774 1149945875 894542 9830 -9666 -567 1240 -756 1148232875 894773 9817 -9672 -555 266623 0 231 -159 480 0 0 0 232504 -87273 -87031 496244 486605 19896 11 0 101519 0 0 0 0 0 0 0 0 0 0 0 0
22:05:27:10:32:59 17857 1184 -788 1165444500 894570 9827 -9657 -549 1223 -746 1151374000 894743 9833 -9679 -551 266661 0 224 -158 479 0 0 0 232822 -87283 -87037 495417 486211 19899 14 0 101518 0 0 0 0 0 0 0 0 0 0 0 0
22:05:27:10:33:00 17985 1195 -788 1150157875 894221 9821 -9675 -591 1260 -741 1134296250 894723 9830 -9672 -570 266699 0 230 -159 477 0 0 0 232848 -87227 -87014 494845 485360 19902 12 0 101518 0 0 0 0 0 0 0 0 0 0 0 0
22:05:27:10:33:01 18115 1205 -779 1134771250 893990 9818 -9668 -620 1228 -763 1139533375 894583 9828 -9664 -569 266733 0 237 -160 486 0 0 0 232863 -87265 -87032 494668 484395 19902 14 0 101517 0 0 0 0 0 0 0 0 0 0 0 0
22:05:27:10:33:03 18248 1180 -767 1145510000 893834 9824 -9669 -623 1219 -753 1145400750 894354 9827 -9657 -589 266770 0 232 -162 482 0 0 0 232975 -87263 -87012 493291 484144 19903 14 0 101519 0 0 0 0 0 0 0 0 0 0 0 0
22:05:27:10:33:04 18382 1210 -764 1144990875 894060 9828 -9679 -614 1211 -747 1148499750 893980 9812 -9652 -622 266809 0 229 -163 486 0 0 0 233255 -87246 -87011 494119 482393 19902 11 0 101518 0 0 0 0 0 0 0 0 0 0 0 0
22:05:27:10:33:05 18518 1172 -760 1171596000 893853 9808 -9665 -613 1192 -744 1161906625 893892 9816 -9661 -622 266844 0 237 -159 477 0 0 0 233452 -87248 -87048 493713 481804 19973 13 0 101517 0 0 0 0 0 0 0 0 0 0 0 0
22:05:27:10:33:07 18656 1222 -773 1143286125 893831 9808 -9667 -643 1185 -728 1148814750 893756 9819 -9668 -632 266879 0 239 -163 477 0 0 0 233431 -87296 -87059 492667 482028 19898 16 0 101516 0 0 0 0 0 0 0 0 0 0 0 0
22:05:27:10:33:08 18796 1220 -783 1132069000 893736 9823 -9672 -654 1231 -719 1131115625 894081 9826 -9674 -620 266917 0 236 -161 484 0 0 0 233693 -87250 -87018 491806 481753 19902 10 0 101518 0 0 0 0 0 0 0 0 0 0 0 0
22:05:27:10:33:09 18939 1251 -806 1124593000 893863 9831 -9680 -657 1295 -744 1107498250 894299 9842 -9692 -628 266957 0 240 -160 491 0 0 0 233767 -87176 -86914 491288 481507 19899 12 0 101516 0 0 0 0 0 0 0 0 0 0 0 0
22:05:27:10:33:11 19083 1264 -826 1127706000 893955 9834 -9668 -654 1272 -755 1126592125 894356 9836 -9684 -612 266995 0 238 -158 473 0 0 0 233815 -87162 -86932 490934 481184 19902 15 0 101516 0 0 0 0 0 0 0 0 0 0 0 0
22:05:27:10:33:12 19230 1300 -798 1125518375 894236 9835 -9675 -639 1297 -772 1136592000 894432 9832 -9705 -616 267030 0 235 -160 482 0 0 0 233868 -87168 -86941 491046 479950 19895 14 0 101515 0 0 0 0 0 0 0 0 0 0 0 0
22:05:27:10:33:14 19379 1288 -814 1125838000 894371 9832 -9686 -619 1284 -791 1131736375 894083 9833 -9709 -648 267068 0 237 -166 483 0 0 0 234012 -87149 -86919 490397 479428 19913 11 0 101514 0 0 0 0 0 0 0 0 0 0 0 0
22:05:27:10:33:15 19531 1264 -824 1130697250 894026 9834 -9686 -644 1312 -791 1130615750 894072 9826 -9700 -664 267109 0 233 -156 481 0 0 0 234319 -87196 -86922 490324 478484 19900 12 0 101516 0 0 0 0 0 0 0 0 0 0 0 0
22:05:27:10:33:17 19685 1264 -798 1129341250 893969 9820 -9684 -651 1269 -788 1138290625 894010 9824 -9695 -649 267147 0 239 -165 476 0 0 0 234655 -87182 -86940 490163 477804 19903 14 0 101515 0 0 0 0 0 0 0 0 0 0 0 0
22:05:27:10:33:18 19841 1313 -801 1105954625 893884 9832 -9694 -688 1260 -771 1158623375 893945 9819 -9683 -652 267184 0 237 -155 480 0 0 0 234540 -87195 -86932 489896 478184 19896 11 0 101515 0 0 0 0 0 0 0 0 0 0 0 0
22:05:27:10:33:20 20000 1353 -804 1092288750 893950 9840 -9691 -702 1247 -774 1161402125 893917 9820 -9669 -649 267219 0 235 -155 480 0 0 0 234126 -87182 -86959 489546 477670 19895 14 0 101517 0 0 0 0 0 0 0 0 0 0 0 0
22:05:27:10:33:21 20161 1324 -809 1103593500 893884 9837 -9689 -694 1300 -789 1132170375 893997 9828 -9679 -667 267257 0 238 -163 477 0 0 0 233755 -87159 -86953 489033 477404 19914 12 0 101515 0 0 0 0 0 0 0 0 0 0 0 0
22:05:27:10:33:23 20325 1303 -803 1108737875 893915 9842 -9692 -680 1297 -790 1133890000 893873 9832 -9680 -680 267295 0 237 -156 479 0 0 0 233802 -87166 -86913 490029 477409 19909 11 0 101515 0 0 0 0 0 0 0 0 0 0 0 0
22:05:27:10:33:24 20491 1311 -827 1109301250 893814 9837 -9698 -695 1304 -795 1131892875 893823 9834 -9672 -690 267335 0 236 -161 484 0 0 0 234084 -87216 -86943 491211 476972 19913 10 0 101514 0 0 0 0 0 0 0 0 0 0 0 0
22:05:27:10:33:25 20661 1307 -800 1121890625 893655 9833 -9700 -711 1207 -795 1172228625 893141 9825 -9665 -695 267366 0 243 -157 483 0 0 0 234305 -87192 -86951 492812 478303 19907 11 0 101514 0 0 0 0 0 0 0 0 0 0 0 0
22:05:27:10:33:27 20833 1286 -790 1114817250 893622 9829 -9689 -703 1235 -814 1156663625 893322 9825 -9671 -696 267403 0 243 -166 480 0 0 0 234232 -87216 -86957 492213 477941 19912 12 0 101516 0 0 0 0 0 0 0 0 0 0 0 0
22:05:27:10:33:28 21008 1300 -785 1120141500 893729 9818 -9674 -697 1250 -821 1134719375 893432 9830 -9672 -697 267439 0 234 -165 484 0 0 0 234202 -87223 -86940 492270 480838 19919 11 0 101515 0 0 0 0 0 0 0 0 0 0 0 0
22:05:27:10:33:30 21186 1284 -787 1122121750 893437 9821 -9663 -721 1233 -843 1145277875 893415 9829 -9675 -691 267471 0 237 -163 481 0 0 0 234046 -87181 -86956 492500 483152 19961 12 0 101515 0 0 0 0 0 0 0 0 0 0 0 0
22:05:27:10:33:31 21367 1342 -783 1099915250 893616 9835 -9670 -732 1261 -837 1121238000 893481 9832 -9665 -701 267505 0 242 -161 480 0 0 0 233970 -87208 -86961 489592 483722 19906 11 0 101514 0 0 0 0 0 0 0 0 0 0 0 0
22:05:27:10:33:32 21551 1369 -790 1081757625 893487 9834 -9665 -763 1270 -835 1122924625 893606 9825 -9670 -692 267538 0 235 -162 483 0 0 0 233917 -87229 -86958 489379 485197 19912 11 0 101514 0 0 0 0 0 0 0 0 0 0 0 0
22:05:27:10:33:34 21739 1348 -812 1080428375 893344 9830 -9670 -768 1271 -807 1118825250 893620 9830 -9674 -693 267572 0 235 -160 483 0 0 0 233709 -87209 -86950 490454 485163 19921 12 0 101513 0 0 0 0 0 0 0 0 0 0 0 0
22:05:27:10:33:35 21929 1321 -820 1075517250 893113 9832 -9661 -778 1288 -792 1101081875 893543 9833 -9683 -712 267609 0 233 -162 481 0 0 0 233437 -87212 -86944 488981 486332 19914 12 0 101516 0 0 0 0 0 0 0 0 0 0 0 0
22:05:27:10:33:37 22123 1265 -819 1096217250 892864 9828 -9659 -770 1268 -790 1109002000 893338 9838 -9677 -723 267640 0 234 -162 477 0 0 0 233575 -87203 -86950 490718 486120 19904 12 0 101515 0 0 0 0 0 0 0 0 0 0 0 0
22:05:27:10:33:38 22321 1317 -840 1075057625 893055 9823 -9663 -779 1302 -788 1097531750 893432 9835 -9674 -732 267678 0 238 -159 472 0 0 0 233488 -87212 -86950 490593 486270 19915 12 0 101515 0 0 0 0 0 0 0 0 0 0 0 0
22:05:27:10:33:39 22522 1309 -842 1083397125 892741 9819 -9665 -809 1280 -776 1109509000 892888 9821 -9668 -776 267713 0 236 -160 478 0 0 0 233312 -87186 -86955 489296 486734 19903 11 0 101515 0 0 0 0 0 0 0 0 0 0 0 0
22:05:27:10:33:41 22727 1250 -805 1120633750 892294 9806 -9657 -816 1286 -794 1091715250 892814 9841 -9673 -791 267746 0 234 -160 479 0 0 0 233234 -87222 -86962 488334 486132 19916 13 0 101514 0 0 0 0 0 0 0 0 0 0 0 0
22:05:27:10:33:42 22935 1247 -800 1114037375 892064 9806 -9665 -841 1280 -798 1096903625 892697 9835 -9658 -800 267782 0 231 -158 481 0 0 0 233166 -87174 -86955 486866 487466 19915 11 0 101513 0 0 0 0 0 0 0 0 0 0 0 0
22:05:27:10:33:44 23148 1258 -791 1106566500 892167 9812 -9671 -839 1277 -786 1094890875 892700 9837 -9680 -799 267817 0 233 -158 481 0 0 0 232608 -87192 -86960 486493 487165 19915 9 0 101518 0 0 0 0 0 0 0 0 0 0 0 0
22:05:27:10:33:45 23364 1292 -771 1099184875 892321 9815 -9665 -845 1259 -780 1089644875 892424 9833 -9677 -816 267855 0 238 -157 488 0 0 0 231918 -87214 -86976 487282 486014 19922 12 0 101518 0 0 0 0 0 0 0 0 0 0 0 0
22:05:27:10:33:46 23584 1291 -772 1088234125 892226 9833 -9676 -858 1270 -794 1090342500 892376 9839 -9679 -830 267888 0 242 -159 486 0 0 0 231564 -87228 -86986 485021 487160 19921 12 0 101517 0 0 0 0 0 0 0 0 0 0 0 0
22:05:27:10:33:48 23809 1291 -785 1082913375 892086 9829 -9678 -874 1266 -797 1092315625 892314 9830 -9668 -834 267929 0 237 -161 476 0 0 0 231461 -87160 -86899 485375 486609 19912 15 0 101517 0 0 0 0 0 0 0 0 0 0 0 0
22:05:27:10:33:49 24038 1327 -823 1059606625 892238 9848 -9681 -882 1300 -819 1069395750 892472 9838 -9677 -838 267970 0 241 -161 485 0 0 0 231118 -87135 -86904 484514 487482 19905 12 0 101516 0 0 0 0 0 0 0 0 0 0 0 0
22:05:27:10:33:51 24271 1336 -828 1061345625 892148 9847 -9683 -899 1329 -821 1066062000 892564 9840 -9675 -847 268008 0 230 -161 480 0 0 0 230838 -87146 -86890 485553 489811 19913 10 0 101515 0 0 0 0 0 0 0 0 0 0 0 0
22:05:27:10:33:52 24509 1299 -833 1078383750 891953 9835 -9687 -894 1336 -821 1064695125 892600 9849 -9681 -848 268049 0 233 -163 484 0 0 0 230783 -87141 -86897 484905 488387 19903 12 0 101518 0 0 0 0 0 0 0 0 0 0 0 0
22:05:27:10:33:53 24752 1300 -840 1074123125 891904 9846 -9682 -902 1344 -810 1057351750 892569 9855 -9679 -858 268088 0 235 -162 481 0 0 0 230798 -87122 -86865 484826 487536 19915 11 0 101517 0 0 0 0 0 0 0 0 0 0 0 0
22:05:27:10:33:55 25000 1319 -859 1070135750 892057 9845 -9670 -898 1297 -824 1072882125 891974 9847 -9672 -888 268126 0 235 -160 488 0 0 0 231030 -87119 -86900 483725 487103 19905 13 0 101516 0 0 0 0 0 0 0 0 0 0 0 0
22:05:27:10:33:56 25252 1363 -855 1053303375 892230 9854 -9680 -908 1294 -829 1071932000 891851 9840 -9667 -900 268167 0 238 -159 482 0 0 0 231249 -87142 -86887 482837 486590 19912 10 0 101516 0 0 0 0 0 0 0 0 0 0 0 0
22:05:27:10:33:58 25510 1323 -832 1071855000 891863 9844 -9672 -920 1280 -834 1080617125 891703 9836 -9672 -908 268205 0 238 -157 484 0 0 0 231482 -87178 -86910 483209 485737 19904 13 0 101515 0 0 0 0 0 0 0 0 0 0 0 0
22:05:27:10:33:59 25773 1336 -843 1062420875 891855 9838 -9681 -931 1327 -821 1060623250 891788 9828 -9680 -931 268243 0 232 -158 475 0 0 0 231724 -87176 -86916 483569 484613 19904 15 0 101515 0 0 0 0 0 0 0 0 0 0 0 0
22:05:27:10:34:01 26041 1353 -861 1057855250 891879 9834 -9683 -940 1336 -855 1042940500 891820 9832 -9671 -935 268278 0 235 -164 482 0 0 0 231984 -87149 -86895 481890 485356 19919 10 0 101516 0 0 0 0 0 0 0 0 0 0 0 0
22:05:27:10:34:02 26315 1328 -878 1060424125 891596 9845 -9682 -955 1313 -851 1056117000 891466 9823 -9670 -957 268315 0 242 -162 480 0 0 0 232307 -87171 -86903 482660 484310 19912 10 0 101516 0 0 0 0 0 0 0 0 0 0 0 0
22:05:27:10:34:04 26595 1337 -865 1052910250 891445 9834 -9674 -980 1341 -845 1030386062 891511 9832 -9685 -974 268348 0 230 -157 480 0 0 0 232659 -87147 -86943 482033 483056 19916 15 0 101515 0 0 0 0 0 0 0 0 0 0 0 0
22:05:27:10:34:05 26881 1349 -853 1040166875 891358 9839 -9701 -1000 1333 -851 1032929000 891351 9840 -9685 -988 268383 0 235 -167 482 0 0 0 232715 -87180 -86943 480970 482785 19915 14 0 101515 0 0 0 0 0 0 0 0 0 0 0 0
22:05:27:10:34:06 27173 1379 -856 1038775625 891451 9825 -9705 -1009 1271 -870 1054064375 890739 9832 -9675 -1001 268414 0 233 -162 480 0 0 0 232492 -87181 -86913 480363 482188 19905 13 0 101515 0 0 0 0 0 0 0 0 0 0 0 0
22:05:27:10:34:08 27472 1385 -852 1031510687 891321 9818 -9691 -1029 1306 -874 1039221125 890672 9834 -9677 -1040 268443 0 237 -162 487 0 0 0 232284 -87196 -86943 479969 481150 19903 13 0 101517 0 0 0 0 0 0 0 0 0 0 0 0
22:05:27:10:34:09 27777 1387 -846 1019365312 891004 9825 -9676 -1069 1232 -867 1068989125 890099 9821 -9663 -1033 268475 0 235 -160 488 0 0 0 232705 -87170 -86909 478710 480426 19908 11 0 101516 0 0 0 0 0 0 0 0 0 0 0 0
22:05:27:10:34:11 28089 1340 -852 1034223375 890768 9829 -9674 -1058 1257 -881 1055181750 890133 9813 -9675 -1053 268502 0 238 -161 484 0 0 0 232778 -87177 -86937 478525 479332 19914 14 0 101516 0 0 0 0 0 0 0 0 0 0 0 0
22:05:27:10:34:12 28409 1377 -859 1013678187 890705 9842 -9668 -1098 1270 -873 1056650750 890125 9808 -9668 -1067 268530 0 238 -161 484 0 0 0 232869 -87166 -86944 477591 478992 19935 14 0 101515 0 0 0 0 0 0 0 0 0 0 0 0
22:05:27:10:34:13 28735 1367 -859 1027135625 890334 9831 -9671 -1132 1296 -874 1040998750 890101 9823 -9674 -1096 268559 0 237 -160 480 0 0 0 233062 -87084 -86843 476867 478230 19910 11 0 101514 0 0 0 0 0 0 0 0 0 0 0 0
22:05:27:10:34:15 29069 1348 -854 1016919375 890083 9843 -9671 -1146 1258 -882 1049894250 889523 9822 -9663 -1122 268587 0 245 -159 485 0 0 0 233257 -87049 -86847 476659 477297 19919 11 0 101514 0 0 0 0 0 0 0 0 0 0 0 0
22:05:27:10:34:16 29411 1315 -851 1034620312 889577 9836 -9659 -1172 1232 -864 1057182250 889041 9818 -9646 -1149 268616 0 236 -160 489 0 0 0 233517 -87063 -86842 476685 475759 19901 10 0 101516 0 0 0 0 0 0 0 0 0 0 0 0
22:05:27:10:34:18 29761 1358 -864 1012441187 889723 9843 -9681 -1195 1287 -884 1033187187 889305 9825 -9670 -1172 268642 0 231 -162 490 0 0 0 233698 -87093 -86873 475962 475642 19915 10 0 101516 0 0 0 0 0 0 0 0 0 0 0 0
22:05:27:10:34:19 30120 1362 -883 1016626250 889718 9833 -9681 -1198 1309 -878 1024847312 889298 9825 -9683 -1195 268664 0 234 -160 479 0 0 0 233721 -87146 -86882 475196 475594 19908 10 0 101515 0 0 0 0 0 0 0 0 0 0 0 0
22:05:27:10:34:21 30487 1381 -893 1010841562 889450 9836 -9673 -1249 1315 -870 1017006000 889107 9811 -9682 -1222 268690 0 237 -165 481 0 0 0 233477 -87116 -86880 475904 474989 19918 11 0 101515 0 0 0 0 0 0 0 0 0 0 0 0
22:05:27:10:34:22 30864 1411 -861 1001376687 889557 9836 -9682 -1263 1267 -872 1032178250 888463 9800 -9682 -1241 268710 0 237 -161 484 0 0 0 233412 -87144 -86879 476160 474462 19911 14 0 101515 0 0 0 0 0 0 0 0 0 0 0 0
22:05:27:10:34:24 31250 1410 -851 999594000 889443 9838 -9672 -1277 1299 -893 1009456625 888465 9817 -9687 -1278 268731 0 240 -157 482 0 0 0 233253 -87150 -86900 474983 474699 19911 11 0 101515 0 0 0 0 0 0 0 0 0 0 0 0
22:05:27:10:34:25 31645 1382 -840 999439750 888970 9834 -9685 -1305 1311 -882 1005737437 888141 9826 -9686 -1330 268755 0 238 -157 477 0 0 0 233446 -87110 -86892 475876 473262 19909 10 0 101515 0 0 0 0 0 0 0 0 0 0 0 0
22:05:27:10:34:26 32051 1349 -865 1008503062 888544 9816 -9685 -1319 1295 -889 1006369250 887783 9820 -9682 -1352 268778 0 239 -157 478 0 0 0 233823 -87103 -86885 475029 472772 19912 11 0 101514 0 0 0 0 0 0 0 0 0 0 0 0
22:05:27:10:34:28 32467 1374 -897 995179562 888424 9804 -9696 -1358 1360 -906 987995187 888198 9831 -9690 -1369 268798 0 234 -164 482 0 0 0 233583 -87099 -86885 473420 473347 19909 12 0 101514 0 0 0 0 0 0 0 0 0 0 0 0
22:05:27:10:34:29 32894 1414 -891 969339250 888391 9816 -9675 -1404 1379 -900 971725812 888131 9838 -9680 -1400 268824 0 236 -163 487 0 0 0 232853 -87131 -86906 474029 471181 19917 13 0 101513 0 0 0 0 0 0 0 0 0 0 0 0
22:05:27:10:34:31 33333 1392 -883 976585625 887964 9813 -9673 -1432 1369 -903 973105500 887983 9837 -9679 -1408 268847 0 235 -162 483 0 0 0 232444 -87129 -86895 473049 471132 19912 11 0 101516 0 0 0 0 0 0 0 0 0 0 0 0
22:05:27:10:34:32 33783 1392 -889 972716187 887773 9825 -9676 -1457 1377 -901 971804375 888024 9828 -9691 -1412 268871 0 233 -168 477 0 0 0 232588 -87047 -86845 471103 470818 19908 13 0 101516 0 0 0 0 0 0 0 0 0 0 0 0
22:05:27:10:34:34 34246 1373 -883 979929687 887529 9814 -9683 -1463 1388 -893 967635625 887480 9821 -9694 -1488 268892 0 230 -162 487 0 0 0 233016 -87092 -86843 471525 469464 19913 12 0 101516 0 0 0 0 0 0 0 0 0 0 0 0
22:05:27:10:34:35 34722 1397 -892 970130375 887461 9816 -9677 -1499 1389 -877 959264812 887035 9816 -9683 -1542 268915 0 238 -162 483 0 0 0 233380 -87106 -86869 471964 468950 19901 15 0 101516 0 0 0 0 0 0 0 0 0 0 0 0
22:05:27:10:34:37 35211 1389 -910 969039000 887003 9836 -9679 -1547 1436 -875 946297250 887431 9822 -9690 -1543 268937 0 235 -161 488 0 0 0 233676 -87059 -86857 470666 469386 19903 12 0 101516 0 0 0 0 0 0 0 0 0 0 0 0
22:05:27:10:34:38 35714 1427 -919 953127500 886910 9832 -9677 -1602 1408 -876 947270625 886999 9817 -9688 -1562 268957 0 235 -162 482 0 0 0 233811 -87050 -86846 470699 468531 19905 11 0 101515 0 0 0 0 0 0 0 0 0 0 0 0
22:05:27:10:34:39 36231 1409 -923 949767687 886075 9813 -9685 -1676 1446 -915 927419437 887031 9809 -9694 -1601 268978 0 237 -165 479 0 0 0 233883 -87131 -86863 470211 467844 19902 12 0 101515 0 0 0 0 0 0 0 0 0 0 0 0
22:05:27:10:34:41 36764 1391 -910 957494250 885436 9801 -9685 -1727 1415 -896 925691687 886149 9799 -9698 -1668 268993 0 237 -162 486 0 0 0 233580 -87105 -86865 469895 467917 19905 11 0 101515 0 0 0 0 0 0 0 0 0 0 0 0
22:05:27:10:34:42 37313 1424 -914 942808437 885798 9802 -9676 -1724 1409 -888 922738187 885606 9807 -9704 -1729 269017 0 235 -160 484 0 0 0 233493 -87065 -86853 469142 468009 19907 10 0 101514 0 0 0 0 0 0 0 0 0 0 0 0
22:05:27:10:34:44 37878 1408 -917 937941437 885165 9804 -9662 -1781 1376 -903 922428250 885201 9791 -9695 -1733 269034 0 235 -162 484 0 0 0 233569 -87137 -86872 468839 467380 19908 12 0 101514 0 0 0 0 0 0 0 0 0 0 0 0
22:05:27:10:34:45 38461 1374 -924 938686062 884633 9800 -9655 -1798 1347 -903 923466000 884468 9796 -9683 -1780 269052 0 237 -159 479 0 0 0 233927 -87146 -86886 468692 466809 19910 11 0 101516 0 0 0 0 0 0 0 0 0 0 0 0
22:05:27:10:34:47 39062 1332 -949 943657437 883900 9796 -9659 -1823 1386 -910 918420562 884653 9809 -9670 -1813 269071 0 239 -159 479 0 0 0 234091 -87022 -86818 469830 464616 19908 12 0 101516 0 0 0 0 0 0 0 0 0 0 0 0
22:05:27:10:34:48 39682 1298 -969 939007312 883191 9802 -9667 -1853 1378 -922 923755937 884214 9794 -9670 -1854 269090 0 232 -161 486 0 0 0 234046 -87052 -86825 468801 464297 19911 13 0 101516 0 0 0 0 0 0 0 0 0 0 0 0
22:05:27:10:34:50 40322 1351 -961 922942812 883338 9799 -9676 -1914 1354 -919 921294375 883413 9802 -9657 -1913 269108 0 236 -160 476 0 0 0 233309 -87113 -86852 468180 463117 19921 13 0 101516 0 0 0 0 0 0 0 0 0 0 0 0
22:05:27:10:34:51 40983 1405 -961 905859687 883415 9802 -9676 -1985 1366 -916 906782187 883159 9817 -9669 -1966 269126 0 241 -161 481 0 0 0 233070 -87107 -86855 467127 462413 19924 12 0 101516 0 0 0 0 0 0 0 0 0 0 0 0
22:05:27:10:34:53 41666 1382 -966 902819375 882739 9799 -9674 -2031 1402 -915 894682250 883059 9824 -9669 -2033 269141 0 234 -161 479 0 0 0 233359 -87111 -86854 466982 461404 19914 12 0 101516 0 0 0 0 0 0 0 0 0 0 0 0
22:05:27:10:34:54 42372 1379 -958 895012375 882229 9791 -9682 -2088 1367 -956 899289937 882013 9809 -9673 -2096 269156 0 236 -163 478 0 0 0 233339 -87109 -86854 465137 462198 19913 10 0 101516 0 0 0 0 0 0 0 0 0 0 0 0
22:05:27:10:34:55 43103 1417 -956 878488062 882138 9792 -9690 -2159 1460 -970 879831937 882515 9806 -9692 -2168 269173 0 239 -165 485 0 0 0 232824 -87108 -86845 465633 461149 19921 11 0 101515 0 0 0 0 0 0 0 0 0 0 0 0
22:05:27:10:34:57 43859 1408 -949 872668875 881430 9806 -9693 -2233 1470 -961 874297500 882080 9790 -9710 -2240 269190 0 232 -166 485 0 0 0 233013 -87073 -86823 465547 460866 19915 12 0 101515 0 0 0 0 0 0 0 0 0 0 0 0
22:05:27:10:34:58 44642 1456 -953 858176875 881406 9801 -9720 -2313 1498 -989 862557687 881921 9799 -9716 -2310 269209 0 242 -158 481 0 0 0 233316 -87029 -86807 465366 459129 19910 10 0 101515 0 0 0 0 0 0 0 0 0 0 0 0
22:05:27:10:35:00 45454 1468 -972 851304750 880943 9793 -9725 -2390 1519 -994 849836875 881661 9808 -9704 -2380 269224 0 236 -165 480 0 0 0 233561 -87095 -86845 463426 458289 19910 14 0 101514 0 0 0 0 0 0 0 0 0 0 0 0
22:05:27:10:35:01 46296 1500 -980 841480625 880753 9803 -9727 -2469 1460 -986 851016312 880267 9798 -9694 -2446 269244 0 239 -160 483 0 0 0 233148 -87110 -86867 462875 457136 19919 15 0 101514 0 0 0 0 0 0 0 0 0 0 0 0
22:05:27:10:35:03 47169 1492 -994 839733812 880007 9795 -9710 -2549 1468 -1024 847025062 879850 9795 -9695 -2516 269262 0 237 -157 485 0 0 0 232510 -87087 -86834 462306 456991 19901 10 0 101514 0 0 0 0 0 0 0 0 0 0 0 0
22:05:27:10:35:04 48076 1476 -991 836536500 879229 9797 -9713 -2619 1465 -1022 835840687 878943 9794 -9703 -2627 269275 0 237 -163 493 0 0 0 231784 -87081 -86831 462913 456344 19911 10 0 101514 0 0 0 0 0 0 0 0 0 0 0 0
22:05:27:10:35:06 49019 1472 -1002 826408562 878315 9796 -9705 -2725 1451 -1043 833828250 877952 9787 -9703 -2723 269291 0 243 -161 482 0 0 0 231302 -87103 -86859 461726 457188 19918 14 0 101516 0 0 0 0 0 0 0 0 0 0 0 0
22:05:27:10:35:07 50000 1463 -1004 822725625 877454 9784 -9713 -2813 1483 -1038 820441937 877492 9792 -9723 -2849 269312 0 236 -159 484 0 0 0 231513 -87033 -86814 461449 456405 19912 15 0 101516 0 0 0 0 0 0 0 0 0 0 0 0
22:05:27:10:35:09 50000 1495 -1017 807616875 877272 9799 -9707 -2904 1468 -1042 817563937 876760 9802 -9719 -2914 269330 0 236 -161 482 0 0 0 231701 -87064 -86832 461724 456431 19925 12 0 101516 0 0 0 0 0 0 0 0 0 0 0 0
22:05:27:10:35:10 50505 1517 -1033 800099062 877084 9809 -9704 -2977 1492 -1050 813648750 876517 9790 -9720 -2990 269345 0 236 -159 481 0 0 0 231738 -87116 -86855 462379 455893 19912 11 0 101515 0 0 0 0 0 0 0 0 0 0 0 0
22:05:27:10:35:12 51020 1520 -1047 798534187 876726 9797 -9713 -3025 1522 -1046 804143937 876641 9795 -9720 -3038 269362 0 232 -162 479 0 0 0 231881 -87085 -86832 461748 455936 19917 12 0 101515 0 0 0 0 0 0 0 0 0 0 0 0
22:05:27:10:35:13 51546 1553 -1066 792092250 876599 9795 -9705 -3106 1533 -1056 798156000 876431 9793 -9701 -3086 269383 0 239 -156 481 0 0 0 232136 -87062 -86854 461798 455591 19923 13 0 101515 0 0 0 0 0 0 0 0 0 0 0 0
22:05:27:10:35:15 52083 1532 -1047 789836812 875756 9787 -9704 -3169 1518 -1049 791009187 875992 9790 -9706 -3112 269396 0 233 -158 487 0 0 0 232236 -87042 -86793 462197 454633 19941 12 0 101514 0 0 0 0 0 0 0 0 0 0 0 0
22:05:27:10:35:16 52631 1526 -1079 784089500 875117 9779 -9696 -3238 1455 -1023 798996250 874167 9771 -9704 -3181 269417 0 237 -156 485 0 0 0 231920 -87004 -86792 461551 454382 19906 12 0 101514 0 0 0 0 0 0 0 0 0 0 0 0
22:05:27:10:35:18 53191 1487 -1084 781646625 873878 9788 -9685 -3306 1483 -1039 785105000 874111 9778 -9718 -3259 269434 0 239 -157 487 0 0 0 231736 -86982 -86780 461278 453910 19910 11 0 101513 0 0 0 0 0 0 0 0 0 0 0 0
22:05:27:10:35:19 53763 1472 -1076 779768250 873208 9773 -9691 -3354 1496 -1045 776564687 873809 9781 -9728 -3334 269452 0 233 -159 482 0 0 0 231843 -87028 -86807 460912 453773 19909 15 0 101513 0 0 0 0 0 0 0 0 0 0 0 0
22:05:27:10:35:21 54347 1577 -1073 767979250 874189 9784 -9709 -3447 1594 -1068 767200812 874723 9779 -9722 -3412 269471 0 232 -156 486 0 0 0 232207 -87068 -86795 458647 453089 19905 11 0 101518 0 0 0 0 0 0 0 0 0 0 0 0
22:05:27:10:35:22 54945 1616 -1084 757839937 874319 9790 -9721 -3525 1591 -1098 763107625 874247 9782 -9712 -3481 269493 0 232 -158 481 0 0 0 232030 -87067 -86812 458117 451905 19907 11 0 101517 0 0 0 0 0 0 0 0 0 0 0 0
22:05:27:10:35:23 55555 1628 -1112 752060250 874118 9788 -9726 -3587 1564 -1099 764143562 873351 9770 -9715 -3536 269505 0 236 -165 484 0 0 0 232069 -87039 -86797 457382 450625 19903 11 0 101517 0 0 0 0 0 0 0 0 0 0 0 0
22:05:27:10:35:25 56179 1575 -1122 753840375 872724 9788 -9718 -3645 1558 -1084 757948062 872534 9757 -9708 -3630 269519 0 229 -159 479 0 0 0 232002 -87034 -86790 457093 449607 19913 10 0 101517 0 0 0 0 0 0 0 0 0 0 0 0
22:05:27:10:35:26 56818 1622 -1112 742827750 872979 9794 -9720 -3727 1513 -1087 754876500 871242 9762 -9723 -3684 269529 0 234 -154 484 0 0 0 231615 -87034 -86812 456337 449777 19918 10 0 101517 0 0 0 0 0 0 0 0 0 0 0 0
22:05:27:10:35:28 57471 1536 -1119 750382312 870742 9787 -9710 -3787 1534 -1073 751803750 871223 9766 -9715 -3747 269538 0 232 -158 477 0 0 0 230636 -86999 -86768 455819 449693 19905 10 0 101518 0 0 0 0 0 0 0 0 0 0 0 0
22:05:27:10:35:29 58139 1579 -1126 739303750 871023 9793 -9709 -3872 1533 -1084 745022187 870454 9773 -9703 -3851 269545 0 234 -154 481 0 0 0 230155 -87004 -86794 455466 449030 19918 12 0 101517 0 0 0 0 0 0 0 0 0 0 0 0
22:05:27:10:35:31 58823 1615 -1125 726638187 871111 9797 -9732 -3962 1550 -1103 740667812 870503 9783 -9698 -3895 269549 0 238 -154 481 0 0 0 229904 -87074 -86818 456131 448366 19908 12 0 101517 0 0 0 0 0 0 0 0 0 0 0 0
22:05:27:10:35:32 59523 1622 -1120 722679000 870714 9795 -9732 -4043 1568 -1111 733170062 870344 9785 -9714 -3967 269548 0 230 -160 481 0 0 0 230067 -87032 -86800 454698 448629 19917 11 0 101517 0 0 0 0 0 0 0 0 0 0 0 0
22:05:27:10:35:34 60240 1582 -1099 722857937 869366 9793 -9721 -4118 1532 -1106 732662687 868900 9777 -9705 -4051 269550 0 231 -165 485 0 0 0 230001 -87041 -86782 454694 448322 19913 9 0 101517 0 0 0 0 0 0 0 0 0 0 0 0
22:05:27:10:35:35 60975 1593 -1111 715455437 869149 9784 -9717 -4180 1526 -1102 727635375 868256 9781 -9704 -4125 269552 0 239 -162 485 0 0 0 229501 -87032 -86795 454372 447685 19916 14 0 101516 0 0 0 0 0 0 0 0 0 0 0 0
22:05:27:10:35:37 61728 1579 -1119 712262187 867958 9779 -9719 -4303 1502 -1095 726394312 866809 9779 -9693 -4241 269551 0 241 -165 484 0 0 0 229654 -87074 -86826 454550 446644 19912 13 0 101516 0 0 0 0 0 0 0 0 0 0 0 0
22:05:27:10:35:38 62500 1584 -1135 705392687 867385 9778 -9725 -4398 1518 -1099 719632187 866271 9786 -9697 -4365 269551 0 231 -164 483 0 0 0 229793 -87039 -86809 453312 446315 19912 14 0 101516 0 0 0 0 0 0 0 0 0 0 0 0
22:05:27:10:35:40 63291 1579 -1151 703629062 866812 9771 -9714 -4460 1531 -1109 714573500 866011 9778 -9707 -4435 269552 0 237 -159 489 0 0 0 229770 -87086 -86822 453836 445835 19918 14 0 101515 0 0 0 0 0 0 0 0 0 0 0 0
22:05:27:10:35:41 64102 1523 -1148 703835500 864551 9762 -9711 -4568 1583 -1113 701720187 866485 9781 -9716 -4521 269547 0 239 -163 471 0 0 0 229857 -87076 -86818 453418 445707 19917 13 0 101515 0 0 0 0 0 0 0 0 0 0 0 0
22:05:27:10:35:43 64935 1543 -1157 695735437 864512 9784 -9705 -4653 1524 -1128 705207875 863975 9763 -9722 -4642 269543 0 236 -160 481 0 0 0 229877 -87045 -86812 453208 445310 19910 14 0 101515 0 0 0 0 0 0 0 0 0 0 0 0
22:05:27:10:35:44 65789 1592 -1188 684971437 864476 9775 -9715 -4811 1573 -1128 695223437 864215 9766 -9711 -4768 269540 0 237 -161 485 0 0 0 229551 -87064 -86794 453208 445238 19910 11 0 101515 0 0 0 0 0 0 0 0 0 0 0 0
22:05:27:10:35:46 66666 1570 -1221 681370625 862703 9760 -9717 -4967 1555 -1150 691091500 863035 9769 -9704 -4875 269537 0 231 -158 483 0 0 0 229505 -87052 -86823 452748 445857 19909 12 0 101515 0 0 0 0 0 0 0 0 0 0 0 0
22:05:27:10:35:47 67567 1558 -1213 679033125 861991 9773 -9707 -5035 1613 -1151 680459625 863216 9776 -9708 -5043 269533 0 240 -160 478 0 0 0 229543 -87043 -86785 452246 445892 19919 11 0 101515 0 0 0 0 0 0 0 0 0 0 0 0
22:05:27:10:35:49 68493 1550 -1210 676846750 860843 9765 -9691 -5160 1649 -1171 671160062 863343 9799 -9683 -5155 269531 0 241 -159 483 0 0 0 229536 -87066 -86785 453065 445214 19921 10 0 101515 0 0 0 0 0 0 0 0 0 0 0 0
22:05:27:10:35:50 69444 1600 -1204 670397125 861254 9773 -9685 -5273 1632 -1194 665089062 861797 9785 -9697 -5308 269523 0 233 -162 482 0 0 0 229342 -87014 -86787 482273 456500 19917 13 0 101515 0 0 0 0 0 0 0 0 0 0 0 0
22:05:27:10:35:52 70422 1637 -1198 660351062 861617 9788 -9695 -5356 1618 -1198 660355500 860407 9796 -9708 -5460 269520 0 233 -155 480 0 0 0 229407 -87061 -86783 456046 449350 19917 9 0 101515 0 0 0 0 0 0 0 0 0 0 0 0
22:05:27:10:35:53 71428 1634 -1201 654413312 860459 9784 -9693 -5508 1636 -1227 651673375 859986 9798 -9704 -5589 269518 0 238 -158 482 0 0 0 229427 -87071 -86798 479443 450165 19917 13 0 101515 0 0 0 0 0 0 0 0 0 0 0 0
22:05:27:10:35:55 72463 1633 -1219 647308125 859499 9781 -9697 -5638 1657 -1239 643986437 860000 9806 -9688 -5664 269515 0 238 -156 478 0 0 0 229528 -86997 -86771 475935 446638 19915 11 0 101516 0 0 0 0 0 0 0 0 0 0 0 0
22:05:27:10:35:56 73529 1617 -1223 640833687 858387 9779 -9706 -5731 1667 -1242 637709625 859320 9796 -9698 -5791 269515 0 239 -160 485 0 0 0 229855 -87050 -86775 479628 449375 19912 12 0 101516 0 0 0 0 0 0 0 0 0 0 0 0
22:05:27:10:35:58 74626 1613 -1271 633206937 856798 9773 -9705 -5935 1701 -1259 628175500 859099 9795 -9704 -5944 269514 0 237 -161 476 0 0 0 229463 -87017 -86777 466421 448116 19911 9 0 101515 0 0 0 0 0 0 0 0 0 0 0 0
22:05:27:10:35:59 75757 1626 -1258 626801625 856076 9778 -9696 -6089 1679 -1258 623646000 857499 9786 -9718 -6084 269516 0 235 -160 486 0 0 0 229403 -87024 -86802 461263 445259 19918 15 0 101516 0 0 0 0 0 0 0 0 0 0 0 0
22:05:27:10:36:01 76923 1658 -1253 617936187 855511 9785 -9695 -6298 1688 -1275 616129375 856857 9778 -9722 -6208 269519 0 237 -160 484 0 0 0 229800 -87019 -86784 460672 445184 19910 12 0 101517 0 0 0 0 0 0 0 0 0 0 0 0
22:05:27:10:36:02 78125 1674 -1245 611515312 854642 9788 -9694 -6487 1690 -1261 611178375 855693 9771 -9713 -6378 269521 0 232 -159 488 0 0 0 230113 -87004 -86773 461593 444749 19987 11 0 101517 0 0 0 0 0 0 0 0 0 0 0 0
22:05:27:10:36:04 79365 1711 -1257 602821000 854538 9794 -9701 -6648 1672 -1260 606340875 853878 9767 -9725 -6560 269524 0 235 -157 477 0 0 0 230197 -87042 -86786 462249 444616 19918 13 0 101517 0 0 0 0 0 0 0 0 0 0 0 0
22:05:27:10:36:06 80645 1735 -1277 596483750 853999 9794 -9705 -6824 1696 -1279 597651500 853292 9779 -9715 -6754 269528 0 237 -159 491 0 0 0 229928 -87005 -86769 462307 443349 19911 12 0 101518 0 0 0 0 0 0 0 0 0 0 0 0
22:05:27:10:36:07 81967 1732 -1280 590860062 852863 9783 -9709 -6970 1702 -1262 593974812 851965 9767 -9704 -6962 269530 0 233 -158 482 0 0 0 229611 -86974 -86766 459354 441499 19902 12 0 101518 0 0 0 0 0 0 0 0 0 0 0 0
22:05:27:10:36:09 83333 1793 -1295 580335125 853019 9794 -9713 -7197 1729 -1269 584063062 851524 9784 -9699 -7154 269531 0 234 -158 480 0 0 0 229416 -86982 -86771 460100 440946 19890 11 0 101518 0 0 0 0 0 0 0 0 0 0 0 0
22:05:27:10:36:10 84745 1773 -1303 574089500 850950 9788 -9710 -7415 1724 -1276 578612562 849843 9765 -9714 -7365 269532 0 236 -160 483 0 0 0 229063 -87031 -86790 456809 439307 19899 12 0 101517 0 0 0 0 0 0 0 0 0 0 0 0
22:05:27:10:36:12 86206 1751 -1301 568799125 848926 9793 -9704 -7622 1727 -1316 571787812 847939 9763 -9711 -7654 269529 0 242 -161 484 0 0 0 229029 -87025 -86776 457802 439734 19902 11 0 101517 0 0 0 0 0 0 0 0 0 0 0 0
22:05:27:10:36:13 87719 1761 -1311 561341250 847929 9783 -9709 -7812 1769 -1318 562073312 847566 9771 -9709 -7904 269525 0 242 -155 476 0 0 0 228774 -87022 -86754 456356 440784 19910 13 0 101517 0 0 0 0 0 0 0 0 0 0 0 0
22:05:27:10:36:15 89285 1744 -1338 556042375 846052 9781 -9707 -8011 1755 -1355 556135437 846180 9762 -9721 -8037 269519 0 237 -158 476 0 0 0 227870 -86982 -86750 456966 439231 19913 12 0 101516 0 0 0 0 0 0 0 0 0 0 0 0
22:05:27:10:36:16 90909 1799 -1352 547020187 846723 9779 -9703 -8154 1753 -1354 550335437 844058 9750 -9720 -8331 269513 0 242 -158 480 0 0 0 227703 -86995 -86729 451823 438160 19906 10 0 101516 0 0 0 0 0 0 0 0 0 0 0 0
22:05:27:10:36:18 92592 1851 -1361 537681625 845093 9791 -9699 -8682 1793 -1350 541209750 843688 9762 -9706 -8594 269500 0 237 -162 480 0 0 0 227437 -86974 -86759 458034 439330 19909 13 0 101516 0 0 0 0 0 0 0 0 0 0 0 0
22:05:27:10:36:19 94339 1837 -1368 531258437 843497 9781 -9707 -8852 1806 -1362 534919312 842475 9761 -9702 -8841 269488 0 238 -158 482 0 0 0 226948 -86996 -86736 456738 437585 19897 10 0 101517 0 0 0 0 0 0 0 0 0 0 0 0
22:05:27:10:36:21 96153 1819 -1376 526365687 842077 9774 -9700 -8970 1871 -1391 525164687 840850 9775 -9707 -9452 269477 0 237 -158 482 0 0 0 226964 -86989 -86738 458438 437861 19905 12 0 101517 0 0 0 0 0 0 0 0 0 0 0 0
22:05:27:10:36:23 98039 1857 -1392 516480343 842579 9774 -9707 -9079 1863 -1420 519156062 839994 9789 -9702 -9552 269466 0 234 -161 484 0 0 0 227033 -86970 -86727 454390 439645 19918 13 0 101516 0 0 0 0 0 0 0 0 0 0 0 0
22:05:27:10:36:24 100000 1856 -1402 509827937 840195 9769 -9696 -9443 1925 -1415 506012093 837198 9793 -9712 -10361 269450 0 236 -153 480 0 0 0 227190 -86986 -86749 455257 439872 19913 14 0 101516 0 0 0 0 0 0 0 0 0 0 0 0
22:05:27:10:36:26 100000 1850 -1406 506793625 838134 9759 -9699 -9726 1880 -1425 504276625 838124 9764 -9713 -9940 269436 0 241 -162 479 0 0 0 227237 -86975 -86751 455290 439781 19922 13 0 101516 0 0 0 0 0 0 0 0 0 0 0 0
